N,temp,Xi,Xi_err
32,0.45,0.0003743489583333333,5.862979177386596e-05
32,0.5,0.0008642578125,0.00012082177620563175
32,0.55,464.0060967573686,0.4775638745704112
32,0.6,424.16033039347326,0.8603009321394408
32,0.65,389.7141768329327,0.41951120486140936
32,0.7,359.64303570556643,0.40076423219777696
32,0.75,332.5179126302083,0.2158798756697082
32,0.8,306.784602897644,1.4107376950907253
32,0.85,283.73529271024813,0.5419499057602437
32,0.9,259.7322909884983,1.35458513060771
32,0.95,235.90891239206417,1.174542376102941
32,1,212.81877634277345,0.9916188264367041
32,1.05,185.30365954589843,0.9114542789023433
32,1.1,146.80417238547585,2.02103385264102
32,1.15,80.96462092391306,2.133609496963442
32,1.2,29.33367504882813,1.4517202671675162
32,1.25,12.237477694473755,0.7816272852194922
32,1.3,5.288635981112749,0.5095256627346645
32,1.35,4.572398470380603,0.4475770365271014
32,1.4,2.6945185571602592,0.29834605977798134
32,1.45,2.229647831357758,0.2857789214368887
32,1.5,1.679913075068469,0.2015984237905147
32,1.55,1.7122551398845083,0.303858648929868
32,1.6,1.401662826538086,0.10685387783143742
32,1.65,1.0998534231474906,0.0672755430476198
32,1.7,0.8961877261891086,0.06359829672664756
32,1.75,0.8697063476562501,0.05521229262038279
32,1.8,0.7546892598470051,0.0517675875247829
32,1.85,0.6087966869457347,0.041837430271377866
32,1.9,0.6884653802168997,0.04497705042357657
32,1.95,0.6011309313651844,0.038203559620435826
32,0.45,0.0018646782769097222,0.0002361802442239426
32,0.5,0.00478602294921875,0.0005638680384063328
32,0.55,1180.8424380215731,44.77522286581977
32,0.6,1118.47060530599,40.251347306963794
32,0.65,987.5682313326323,37.46951202687569
32,0.7,919.6409580688478,34.21289801558278
32,0.75,874.8763201822917,30.868682796637604
32,0.8,769.706730682373,28.722597315198747
32,0.85,718.720755859375,25.68588681339044
32,0.9,649.376582784017,22.477711418738334
32,0.95,503.6506466899672,19.65761321417532
32,1,252.45560318625368,17.137128621840414
32,1.05,46.056071343591924,5.92739358425615
32,1.1,15.805056920900634,4.704923641983619
32,1.15,10.359157694895481,2.049192449218505
32,1.2,5.912011674541648,1.1561614769042847
32,1.25,5.093928416955017,0.9639071353373149
32,1.3,3.8917214543269227,0.8655433685797843
32,1.35,2.23627343559776,0.47615412236354543
32,1.4,1.2424605460123999,0.2852556488527516
32,1.45,2.727104042047854,0.6260877108704332
32,1.5,2.0218535739459185,0.3820764509417232
32,1.55,1.1429183467741932,0.2134162740505656
32,1.6,1.5897948265075683,0.12792786838053424
32,1.65,1.3393601998993845,0.09133577687175644
32,1.7,1.204530959185432,0.08981769282169698
32,1.75,1.1963452532087053,0.08760936459725355
32,1.8,1.1029245876736111,0.08036248795300892
32,1.85,0.9969853119721284,0.07427666255162794
32,1.9,0.7738312570672287,0.05078927528705472
32,1.95,0.9374029666215947,0.06663366421684969
32,0.45,0.005158365885416666,0.0006043618608858586
32,0.5,0.011963269042968752,0.0011333433964192431
32,0.55,2226.7881697332205,92.86470978616218
32,0.6,2052.957382802328,85.07543325537232
32,0.65,2000.184783193735,77.27421413502427
32,0.7,1805.9303121861053,70.97388881247753
32,0.75,1662.7628752522787,64.21254184665355
32,0.8,1392.2116528015135,57.27173862643367
32,0.85,1333.9821933593748,49.689476170539784
32,0.9,911.8110003279842,50.82780897133401
32,0.95,53.77988275420357,8.584157294289788
32,1,18.199110885108478,6.199872074950415
32,1.05,10.57234019486123,3.5660264249128577
32,1.1,8.304673369180561,2.4840468049994144
32,1.15,6.72174978293028,1.9244834746569346
32,1.2,6.7548880208333335,2.524856727374828
32,1.25,3.8834323347107436,0.9804094559952559
32,1.3,2.9331730769230764,0.9494145381698493
32,1.35,0.8196924603174602,0.5636421292361893
32,1.4,1.007656521267361,0.35121364453882614
32,1.45,3.579532596982759,1.4541232459431788
32,1.5,1.4862015335648147,0.7428610999168396
32,1.55,1.5505843623991935,0.6451291060031811
32,1.6,1.7573109397888182,0.1219615274483521
32,1.65,1.6494911480527936,0.10954518914282432
32,1.7,1.7504652135512409,0.11350691847707228
32,1.75,1.7190502197265627,0.118844651661236
32,1.8,1.7603162977430553,0.12597641764695644
32,1.85,1.2778646405194256,0.09389798576454816
32,1.9,1.4244140625000001,0.09761353706614842
32,1.95,1.2861972124148637,0.08754169128416867
32,0.45,0.012492621527777779,0.0012200770074524074
32,0.5,0.023787841796875,0.0020630819562579028
32,0.55,3672.360966341885,156.2616869327572
32,0.6,3311.0959675191243,138.2954073860927
32,0.65,2759.988828275241,128.697969889169
32,0.7,2962.1462893327994,115.03978138405928
32,0.75,2390.3502551757815,105.03135382293577
32,0.8,1946.130682182312,88.1560522343567
32,0.85,1508.3529893387397,109.6324924701244
32,0.9,34.26390632750496,10.055804558864168
32,0.95,16.74950315241228,5.553940823903123
32,1,10.401107788085938,5.412296595928335
32,1.05,8.757558168907995,3.3311181391454414
32,1.1,18.499487058080813,5.518076515002039
32,1.15,6.5992465415019765,3.2280843011113824
32,1.2,1.8797348484848486,0.6568191746673595
32,1.25,5.804591049382717,2.706522270138124
32,1.3,5.055171607905983,1.2134561532666346
32,1.35,0.9379169479809673,0.3683386326704852
32,1.4,4.093476676384841,1.8845458189157693
32,1.45,3.6953744388193708,0.8519401729272948
32,1.5,3.2240494791666667,1.466336504785958
32,1.55,3.5200447890393387,1.1953851242690399
32,1.6,2.64390234375,0.1846704550136017
32,1.65,2.551420513731061,0.1803495368455927
32,1.7,2.5734590095071233,0.18159749314226356
32,1.75,2.1461952985491073,0.16353585988347288
32,1.8,2.033164808485243,0.1464273432823494
32,1.85,1.7684159100506756,0.1304264366967569
32,1.9,2.046140262001439,0.14479213852665584
32,1.95,1.9037107841296075,0.14075034624377075
32,0.45,0.01999022081163194,0.002110731282166129
32,0.5,0.04925262451171876,0.0041840351304365305
32,0.55,5265.17175682484,233.37738576821062
32,0.6,4440.246808258056,200.73129531818734
32,0.65,4728.406443725586,193.41495970184403
32,0.7,3954.5102773088734,169.80373172728517
32,0.75,3496.277751228841,149.86709791400838
32,0.8,2295.4792060746377,269.949253903411
32,0.85,33.063537915166066,9.379604485989098
32,0.9,33.120507134331596,12.992585555822298
32,0.95,13.806337947733917,5.201880320427635
32,1,11.585136424039781,3.908029150718399
32,1.05,7.284195444706809,3.6159946681620014
32,1.1,4.812783795288997,1.360612054304784
32,1.15,9.664426292770777,2.582818844731406
32,1.2,6.159332078139429,1.6833613373641925
32,1.25,3.1794005102040814,1.0628015053679727
32,1.3,3.585069444444444,1.5908738675927583
32,1.35,5.0737887298655995,1.444799020992378
32,1.4,3.6450786656574397,1.2365196005746897
32,1.45,3.764478895399305,1.4119468089735134
32,1.5,2.14759480553501,0.6412703390869243
32,1.55,2.878389772500996,0.8604432686154223
32,1.6,3.3741509971618653,0.2584833384796091
32,1.65,3.1923848507043098,0.22836652933245302
32,1.7,2.9418079008214617,0.20654884050026578
32,1.75,2.7200846505301337,0.18819662762100853
32,1.8,3.098937662760416,0.19592987890267866
32,1.85,2.5759111031197213,0.19693703686575137
32,1.9,2.145759033203125,0.15917495498885548
32,1.95,2.359653492462941,0.15818611219703496
32,0.45,0.025355021158854164,0.0021373709798772336
32,0.5,0.06649158935546874,0.005329314909981995
32,0.55,7577.755135553532,337.6006932437095
32,0.6,6541.33471955363,286.5230156471546
