N,temp,Xi,Xi_err
10,0.8,0.0002487500000000001,0.00017544699896860134
10,1,0.00278975,0.0010091049882812687
10,1.2,0.0042699999999999995,0.0006299468967261695
10,1.4,0.013066964285714288,0.001368662638292619
10,1.6,0.054422499999999985,0.0077646982662237015
10,1.62,0.04533935185185185,0.006947142640608785
10,1.64,0.041673018292682926,0.005589266971089179
10,1.66,0.06184924698795181,0.009371238056441567
10,1.68,0.08380937499999999,0.01303837607167685
10,1.7,0.06085647058823529,0.007212350518763357
10,1.72,0.06803720930232558,0.00860847233035893
10,1.74,0.06621609195402299,0.007230475222507216
10,1.76,0.08163579545454545,0.012506583140118205
10,1.78,0.12187415730337077,0.023332501091579166
10,1.8,0.12372222222222222,0.01813547606680867
10,1.82,0.12910425824175822,0.03154959714142515
10,1.84,0.10540815217391304,0.012834371203442775
10,1.86,0.17287620967741932,0.02338061824268787
10,1.88,0.2930882230718085,0.09553874077232766
10,1.9,0.12738407894736845,0.01249842744116932
10,1.92,0.19494466145833336,0.02716612430883096
10,1.94,0.1898123711340206,0.027131993720531378
10,1.96,0.45597686527061193,0.15570699474582625
10,1.98,0.320252398989899,0.0666780007295876
10,2,0.348242,0.07396590290863603
10,2.02,0.46049987623762373,0.1006351575287755
10,2.04,0.464994975490196,0.07345920554034113
10,2.06,0.5673591019417475,0.136826122388801
10,2.08,0.726006610576923,0.1398777507810993
10,2.1,0.6323703571428572,0.10262484577651716
10,2.12,0.8481132075471699,0.15505463426281274
10,2.14,0.9801869158878505,0.15551606940570448
10,2.16,0.9295822916666667,0.13810989918150487
10,2.18,1.0427871559633026,0.1633079680358324
10,2.2,1.5351635227272729,0.2033080837577973
10,2.22,1.4647043918918918,0.18210944707705012
10,2.24,1.4144507812499996,0.17153741859961436
10,2.26,1.750406637168142,0.1877141670269931
10,2.28,1.899613925438597,0.17313924709109652
10,2.3,2.46532,0.20275956538139692
10,2.32,2.2443610991379312,0.20141743045068933
10,2.34,2.13682735042735,0.19564047299518147
10,2.36,2.2048066737288137,0.17639470806555002
10,2.38,2.513400735294118,0.1713637718444287
10,2.4,2.4754973958333335,0.1561295246057757
10,2.42,2.5535355371900827,0.16955382812701214
10,2.44,2.5342908811475415,0.1561533193689279
10,2.46,2.6527917682926834,0.14910455786559126
10,2.48,2.559722177419355,0.14184899114920138
10,2.5,2.3944156,0.13554665057942838
10,2.52,2.845339682278785,0.150910782913359
10,2.54,2.5562976377952755,0.11975851626123006
10,2.56,2.4550889648437497,0.11952885833812406
10,2.58,2.531422868217054,0.12183997186998623
10,2.6,2.2815215384615386,0.11312788032646878
10,2.62,2.334690744274809,0.11710218707349612
10,2.64,2.1362680871212123,0.10911295768232324
10,2.66,2.247273590225564,0.10504730551671977
10,2.68,2.0902891791044778,0.10695851534703611
10,2.7,1.9748292592592591,0.09926552787164912
10,2.72,2.0124072610294124,0.10615772539867091
10,2.74,2.0488525547445255,0.098726621822282
10,2.76,1.901865126811594,0.09983935366583288
10,2.78,1.7661286870503599,0.09318999363766994
10,2.8,1.784265625,0.09560816687338566
10,2.82,1.750361613475177,0.09845123046500015
10,2.84,1.7516334507042253,0.09581107541812178
10,2.86,1.390191520979021,0.08090224262497585
10,2.88,1.337029079861111,0.09036589754148514
10,2.9,1.4404550862068963,0.07961851794643761
10,2.92,1.5512732020547946,0.08954053788868198
10,2.94,1.154731207482993,0.07126322361980912
10,2.96,1.3180067567567568,0.07732645192549921
10,2.98,1.1953124161073825,0.08271376333616956
10,3,1.3244312500000002,0.09056904168808022
10,3.1,1.0385837903225807,0.0692125512032267
10,3.2,0.8166675,0.061005234785482046
10,3.3,0.8648336363636364,0.05964762258511126
10,3.4,0.6730969852941177,0.04718626760582289
10,3.5,0.6402136428571429,0.04621333677662418
10,3.6,0.6207721527777779,0.05228976940062042
10,3.7,0.4326080405405405,0.0288315553956948
10,3.8,0.44570993421052635,0.0373605405926878
10,3.9,0.37649333333333335,0.027488541655268147
10,4,0.42177443750000004,0.03323606261237086
10,4.1,0.335609756097561,0.024876874070283453
10,4.3,0.3171715697674419,0.024980693098811388
10,4.4,0.2711809090909091,0.026900232479206518
10,4.5,0.2835875,0.026111633131492635
10,4.6,0.23596472826086962,0.02077581549820907
10,4.7,0.22124063829787233,0.01684951134932504
10,4.8,0.22293,0.015499532493819291
10,4.9,0.2469448469387755,0.019435686118790686
10,5,0.18136879999999997,0.013203694121743962
10,5.1,0.1677550980392157,0.013479155646596923
10,5.2,0.1894864903846154,0.013850995455494588
10,5.3,0.16840561320754718,0.013699192497451032
10,5.4,0.15253587962962964,0.011479513271647313
10,5.5,0.16377777272727273,0.012324005110463396
12,0.8,8.658854166666666e-05,8.669643681619328e-05
12,1,0.0011937500000000004,0.0002633243981752515
12,1.2,0.0050797164351851845,0.0007122947777549782
12,1.4,0.01576376488095238,0.0019386301704960454
12,1.6,0.05431846788194444,0.006846568442594072
12,1.62,0.042618205589849106,0.004800451091633126
12,1.64,0.06482723577235772,0.01306984650412227
12,1.66,0.05813660893574299,0.0055620831711182105
12,1.68,0.06530991650132276,0.006523519065958128
12,1.7,0.06952573529411765,0.008616790268446486
12,1.72,0.08370790939922483,0.01124252854560206
12,1.74,0.08272310025542784,0.012006240858056681
12,1.76,0.09049863873106061,0.011165715610434947
12,1.78,0.11942103620474408,0.015576270437072008
12,1.8,0.11188271604938273,0.014291059591063799
12,1.82,0.13968101343101344,0.02013330901470255
12,1.84,0.1133830578200483,0.010811374165720014
12,1.86,0.18014476926523293,0.03235535960497755
12,1.88,0.18034722222222224,0.026116461900538426
12,1.9,0.28220906432748544,0.06071131070733407
12,1.92,0.16897569444444444,0.017365655274200097
12,1.94,0.3893147730526918,0.07199613816719481
12,1.96,0.26996846655328793,0.051806993168718396
12,1.98,0.28510092241863083,0.04131024561786992
12,2,0.36963333333333337,0.09316083984783204
12,2.02,0.3675316281628163,0.07099796411474962
12,2.04,0.32271029071350765,0.0368389623702558
12,2.06,0.40054535800970875,0.05212807716946414
12,2.08,0.4892494658119658,0.06508195075220861
12,2.1,0.7585627480158729,0.1336493226720239
12,2.12,0.9663178066037735,0.16439410867834595
12,2.14,1.3883436364226374,0.17692170961873885
12,2.16,1.1097266428755144,0.17677727560761575
12,2.18,1.635619266055046,0.2727263348954423
12,2.2,1.6652522095959597,0.24234990784923963
12,2.22,1.8575355824574575,0.26798853201667405
12,2.24,1.9860800316220233,0.23233193900459725
12,2.26,2.3819444444444446,0.2525718499850504
12,2.28,2.8278871223196878,0.2567778695480467
12,2.3,2.920680480072464,0.25433798972745064
12,2.32,3.0242980723180075,0.23487828495554305
12,2.34,2.975780433879392,0.23896501427473646
12,2.36,3.4472104519774014,0.2625018865720358
12,2.38,3.4126656600140057,0.20860129058903307
12,2.4,3.4749819878472223,0.21963442209153067
12,2.42,3.548317765725436,0.1794858081912582
12,2.44,3.6879414275956286,0.20707633500468314
12,2.46,3.617789563572719,0.1863152037285363
12,2.48,3.8795472110215057,0.18974863371667605
12,2.5,3.3952554861111106,0.1705379445764461
12,2.52,3.1523399044766567,0.17577372190076956
12,2.54,3.4308038495188105,0.20784660945300099
12,2.56,3.202124842047553,0.18651777940515554
12,2.58,3.359795300573288,0.1760598754098761
12,2.6,3.0681954380653074,0.16889056799370072
12,2.62,3.0207082773249705,0.16558395476818666
12,2.64,2.5899387100168347,0.13668857433811624
12,2.66,2.771494663670171,0.14780768444231532
12,2.68,2.5897259955602125,0.12666857114684904
12,2.7,2.469156121399177,0.13177035335657253
12,2.72,2.2698774509803923,0.1313661586761784
12,2.74,2.0227572485806973,0.12552335892516775
12,2.76,2.149190821256039,0.128522678600953
12,2.78,1.9655325114908075,0.12336213516686748
12,2.8,1.8921472594246032,0.11542069675322597
12,2.82,1.8496037726556342,0.12477560321921247
12,2.84,1.8613456083724573,0.11048969531914567
12,2.86,1.5477393526612275,0.09743708417718404
12,2.88,1.6848306688850307,0.0984160707819344
12,2.9,1.6824577945402301,0.10229738210098635
12,2.92,1.6315553652968036,0.10708324228078632
12,2.94,1.345568783068783,0.08248772077781846
12,2.96,1.3011803209459458,0.07804304649608453
12,2.98,1.3059561428038777,0.08270649490706714
12,3,1.3150500000000003,0.09137688077034926
12,3.1,1.0665254816308243,0.0661003634132729
12,3.2,0.910698296440972,0.0661021847258116
12,3.3,0.698339856902357,0.05220405362793905
12,3.4,0.7135547385620916,0.05988152105813566
12,3.5,0.5859325396825397,0.042861061550184806
12,3.6,0.5855408468364198,0.045080113151628194
12,3.7,0.5495082113363363,0.04455993188591666
12,3.8,0.44766063596491235,0.03257385512083942
12,3.9,0.44354411502849006,0.03470143926062419
12,4,0.39600516493055554,0.03150334014635458
12,4.1,0.35128349424119243,0.030227048802834323
12,4.3,0.3012603359173127,0.027706509154921285
12,4.4,0.3028951625631313,0.02425097171913132
12,4.5,0.2658175540123457,0.02066224859471577
12,4.6,0.2497792496980676,0.02104694874815756
12,4.7,0.21370789007092195,0.0168485535845462
12,4.8,0.25719270833333335,0.020260857506074436
12,4.9,0.22209747023809523,0.018846931107335384
12,5,0.20760690972222223,0.01566024430905499
12,5.1,0.18996677559912853,0.014560590831248003
12,5.2,0.19107892628205123,0.014658400448412642
12,5.3,0.17978901336477987,0.014565315191631787
12,5.4,0.1578317901234568,0.012550370190692313
12,5.5,0.14674794823232323,0.011167065561652484
14,0.8,0.0002525510204081632,0.00012499764061259548
14,1,0.0017219387755102041,0.00038347598541772613
14,1.2,0.005322704081632652,0.0006297405649131183
14,1.4,0.017201166180758013,0.0021691415902291783
14,1.6,0.03594897959183674,0.003321669052499763
14,1.62,0.049522549760644984,0.00627055400514492
14,1.64,0.049835039198606275,0.004469083437373301
14,1.66,0.0530359447996066,0.005298736265265156
14,1.68,0.06449678085519923,0.007567902353293843
14,1.7,0.07706332533013205,0.011914436490947776
14,1.72,0.07365144458946368,0.01065552866066681
14,1.74,0.06820783485808116,0.006218686833670029
14,1.76,0.10270292207792209,0.011925303203274978
14,1.78,0.12717546147672554,0.026033169609549333
14,1.8,0.10421478174603174,0.01128514394865566
14,1.82,0.15395541320923975,0.025830673379987082
14,1.84,0.13990239574090507,0.01829094921164021
14,1.86,0.15638790596883917,0.019266927179482852
14,1.88,0.14901588960052112,0.016994543569421608
14,1.9,0.23498919172932337,0.032930302097361384
14,1.92,0.21825567336309523,0.030443730039683963
14,1.94,0.5110222148136453,0.2115031353584659
14,1.96,0.2658368908788005,0.03996457042087297
14,1.98,0.2436739203257061,0.029993582950910026
14,2,0.32622646683673473,0.042014512987520375
14,2.02,0.3893912280258638,0.05291628797958186
14,2.04,0.5294742271908763,0.10584490806917361
14,2.06,0.4730097087378642,0.04233324368732752
14,2.08,0.801598312401884,0.2081874818218242
14,2.1,0.9053447521865887,0.20779092238170743
14,2.12,1.0482922603003464,0.1678267427926983
14,2.14,1.0465214929429716,0.17685149864776878
14,2.16,1.4355153415532877,0.2928795219177188
14,2.18,1.7570562043624787,0.23434957122280314
14,2.2,2.044257363172542,0.28886112817176174
14,2.22,1.8658999816142674,0.25840775865329657
14,2.24,2.8015832270408167,0.3434419069134403
14,2.26,3.1642874638793574,0.3278085841394234
14,2.28,3.4977912974400285,0.35166409302817464
14,2.3,3.4002218278615794,0.2917644561536951
14,2.32,3.912859781843772,0.3231100887481376
14,2.34,4.281855049712193,0.302838474149468
14,2.36,4.0398545053614665,0.2790674490230279
14,2.38,4.122106842737095,0.2785894793684171
14,2.4,5.047914062500001,0.268627151145593
14,2.42,4.830089338421319,0.26045034151060864
14,2.44,4.5997070508531275,0.2572689339654729
14,2.46,4.887731043636967,0.22440379361373253
14,2.48,4.788468924868335,0.22721424579226743
14,2.5,4.4334505612244905,0.20414410963719887
14,2.52,3.9391514116295734,0.25019166433802503
14,2.54,4.3442080288661415,0.2399082532069163
14,2.56,4.051680461725506,0.2670773224603476
14,2.58,3.133295961688499,0.20961978458155342
14,2.6,3.706534967796229,0.20564256182487994
14,2.62,3.305840753084587,0.21215493029345883
14,2.64,3.2526299016823796,0.22057329376175616
14,2.66,2.725120019385904,0.18724511056713816
14,2.68,2.82674149977155,0.15887814361266803
14,2.7,2.9877052938266355,0.17948516366780534
14,2.72,2.434801920768307,0.16031381646198778
14,2.74,2.3084127346193952,0.14538836687391626
14,2.76,2.1321295012570247,0.1472151360108195
14,2.78,2.281519554764352,0.14742570963865212
14,2.8,2.123439823250729,0.13861231212234942
14,2.82,1.854170239904473,0.12635760220592968
14,2.84,1.8278628916355277,0.11635148778393091
14,2.86,1.798423719138005,0.12030041410989363
14,2.88,1.7213293207908162,0.1253244404953589
14,2.9,1.5499500351864886,0.10486196576026335
14,2.92,1.6104993272994133,0.11376160324216462
14,2.94,1.4426957083853948,0.10896707400246278
14,2.96,1.480057182501379,0.1009241869392757
14,2.98,1.351226501506643,0.09564730988480027
14,3,1.3185061224489796,0.09405604473253405
14,3.1,1.1608278061224488,0.08245804743323065
14,3.2,0.920235331632653,0.07246300849766353
14,3.3,0.8334149273345702,0.0706507944595878
14,3.4,0.661141018907563,0.04813760980410479
14,3.5,0.5899928571428572,0.04346046369584942
14,3.6,0.5993706065759636,0.04543733514620059
14,3.7,0.5286524751792608,0.0459231943781621
14,3.8,0.48039336063372723,0.035910958611490226
14,3.9,0.39407378335949766,0.03249662733012159
14,4,0.4263285714285715,0.0336801052113472
14,4.1,0.33453207441513194,0.02935838459910884
14,4.3,0.342609130280019,0.02564741441071734
14,4.4,0.2883987708719851,0.024146280738894393
14,4.5,0.27078809523809527,0.02280073659933949
14,4.6,0.26602481699201425,0.019597938685079832
14,4.7,0.23828351606600084,0.01880147914876201
14,4.8,0.21666230867346942,0.017390413213885087
14,4.9,0.21548094543940022,0.017699870573935256
14,5,0.19595755102040815,0.01601366840375936
14,5.1,0.20194455282112844,0.020099130298958844
14,5.2,0.16894130200156987,0.013755576865326864
14,5.3,0.18609318444358877,0.018163569013872068
14,5.4,0.18503096655328796,0.01500955757576218
14,5.5,0.17728383580705007,0.015950150200630595
16,0.8,0.00033581542968750004,0.0001241900714404378
16,1,0.00167177734375,0.0003736813000645044
16,1.2,0.005780924479166666,0.0009448926114703307
16,1.4,0.018636648995535715,0.0023348682932900055
16,1.6,0.04335638427734375,0.004236382989229568
16,1.62,0.0468358772183642,0.008008308171900796
16,1.64,0.0532371855945122,0.005005087611781626
16,1.66,0.05626876647213856,0.004788317722777774
16,1.68,0.06395734514508929,0.006322079914958498
16,1.7,0.07106106387867647,0.006606554814029472
16,1.72,0.08036059002543604,0.007596693551309144
16,1.74,0.11137521327227011,0.031227662857032927
16,1.76,0.08468039772727273,0.008830092258099404
16,1.78,0.09763671874999999,0.008001076221198927
16,1.8,0.11412131076388889,0.015116226197216701
16,1.82,0.12530391483516481,0.014397101684784733
16,1.84,0.15214413850203803,0.019634272005558777
16,1.86,0.16545231644825267,0.021884043338755606
16,1.88,0.23684757313829788,0.048755956154225524
16,1.9,0.18811055715460528,0.023943469993783197
16,1.92,0.3542738932150382,0.09182134211233137
16,1.94,0.29588187620811857,0.040998656099240145
16,1.96,0.46987524411637294,0.19266704272479082
16,1.98,0.26731134588068184,0.0402442117501224
16,2,0.5373960449218751,0.1968821892717613
16,2.02,0.46728027343749995,0.13460638358552793
16,2.04,0.4611182119332108,0.07247502353103251
16,2.06,0.5694117396086165,0.08505869584186787
16,2.08,0.9751483154296875,0.26100694300519306
16,2.1,1.3108663969494045,0.247882003506402
16,2.12,1.05566364792158,0.16538836306754245
16,2.14,1.0665281377774534,0.15660935624396227
16,2.16,1.5055247667100693,0.25404977449471955
16,2.18,2.038631334217316,0.3215684879745415
16,2.2,2.3975042169744314,0.3764629194707647
16,2.22,2.1700457488738736,0.3211343579711665
16,2.24,2.920042855398995,0.3598553398074806
16,2.26,4.0345529849972355,0.44007911234555425
16,2.28,3.7048879094709437,0.36724586544760013
16,2.3,4.711789402173914,0.4055899367571433
16,2.32,5.0268965096309275,0.4070066598444856
16,2.34,5.948402402176817,0.3955303710851563
16,2.36,5.715665386652543,0.3487350576992982
16,2.38,6.613023527770483,0.35443357811198856
16,2.4,6.3523108317057275,0.34025465894915946
16,2.42,6.226117599108988,0.30264125268542
16,2.44,5.793408643378586,0.2892800575883081
16,2.46,5.483891919143801,0.2626850912692891
16,2.48,5.441777619392641,0.2555710820091981
16,2.5,4.89314984375,0.2404748682152039
16,2.52,3.6657731894841272,0.3080469606909222
16,2.54,4.325900479097237,0.3000821117395906
16,2.56,4.4729084757209625,0.3125714793161988
16,2.58,4.616948190717857,0.3489147677884623
16,2.6,3.878089311735068,0.2552080567530741
16,2.62,3.369772621852506,0.24643108999305097
16,2.64,3.5244753312265042,0.2536850785999129
16,2.66,3.3534936243565925,0.23977322099272116
16,2.68,2.7938841191888053,0.20060381944320704
16,2.7,2.7265608143234266,0.18801041483640105
16,2.72,2.2957501938763785,0.1366283782100101
16,2.74,2.427811894103558,0.16521792580128652
16,2.76,2.5994760176064315,0.18471375914871097
16,2.78,2.2514332284172665,0.16161949204838277
16,2.8,2.0588919852120537,0.1308421967747872
16,2.82,2.0400900030474296,0.12952623725726234
16,2.84,2.0498425121038735,0.1412674813330312
16,2.86,2.035907451923077,0.15423439882590215
16,2.88,1.7477092827690972,0.1394034870516076
16,2.9,1.704675074084052,0.11206086138049871
16,2.92,1.57490016989512,0.10738498968958961
16,2.94,1.6327933673469388,0.12885843519977874
16,2.96,1.40334508947424,0.09527400896997261
16,2.98,1.4533412528838088,0.11156823600767797
16,3,1.4282218424479167,0.10402017989512911
16,3.1,1.0331776398689516,0.07988981298323725
16,3.2,1.0499803466796875,0.07465302557230223
16,3.3,0.8899081143465909,0.06055038543174334
16,3.4,0.6473915441176471,0.048820028352809325
16,3.5,0.6155734095982143,0.04787765633031176
16,3.6,0.6479969346788195,0.054661182545740414
16,3.7,0.5792187236064189,0.046553909594213884
16,3.8,0.4091076274671053,0.03295125878453384
16,3.9,0.44272773938301285,0.03559993748226491
16,4,0.38574648437500003,0.03095320975288851
16,4.1,0.3861600609756098,0.03147572467377314
16,4.3,0.33769077034883715,0.029797720620198663
16,4.4,0.2824388316761363,0.028820757957225232
16,4.5,0.25875963541666663,0.021313492992331245
16,4.6,0.2864758619225544,0.021598998741173946
16,4.7,0.26137863613696805,0.022285914376940365
16,4.8,0.21587481689453125,0.01670329266029359
16,4.9,0.2184754464285714,0.015275829137635108
16,5,0.23671826171875,0.0224263023700633
16,5.1,0.2123780445772059,0.01715915170959856
16,5.2,0.20108501727764422,0.018363208970097727
16,5.3,0.20380083652712264,0.014886984609206167
16,5.4,0.19816261574074073,0.016162351667365134
16,5.5,0.18535822088068182,0.01379577912087161
18,0.8,0.00015277777777777775,7.561585666687877e-05
18,1,0.0017122685185185186,0.00035837467276312565
18,1.2,0.006303948045267489,0.0010639189873895482
18,1.4,0.017249503968253973,0.0021496215450044877
18,1.6,0.04108777006172839,0.0043165813797235095
18,1.62,0.04727552011888433,0.003716164263840016
18,1.64,0.06501011555254442,0.011355387184268602
18,1.66,0.05437286181764095,0.005751939226576778
18,1.68,0.053126791225749564,0.004639122068634697
18,1.7,0.06612763253449529,0.006299965642791149
18,1.72,0.06560005742176284,0.005258639611034322
18,1.74,0.0909165247623102,0.01251715249260542
18,1.76,0.09062412317620651,0.010464188151555866
18,1.78,0.12362910077680678,0.037883592793709696
18,1.8,0.12861385459533606,0.01652687784636548
18,1.82,0.13558201058201055,0.023524703941391722
18,1.84,0.14752398684916798,0.014298635650620842
18,1.86,0.16052597736625515,0.018333812719877
18,1.88,0.18237785657998423,0.018799455476670137
18,1.9,0.1731399853801169,0.015902322842042786
18,1.92,0.20880770961934156,0.02204889054785365
18,1.94,0.2557910143820797,0.03368883033245216
18,1.96,0.2456594860166289,0.025755047793448557
18,1.98,0.2706009165731388,0.03543068860824782
18,2,0.3168116898148148,0.038916991402336766
18,2.02,0.393490671983865,0.0457003560004171
18,2.04,0.5963371081457274,0.11166876056930954
18,2.06,0.7070260997243197,0.10408915195292591
18,2.08,1.2908023207502373,0.3289999896890315
18,2.1,0.8164452895355673,0.18337789066262422
18,2.12,1.2588770964360587,0.23478019663177696
18,2.14,1.0182632038190838,0.1456078183294904
18,2.16,1.2293695344650204,0.16984128308993315
18,2.18,2.438943219787065,0.4067968813711953
18,2.2,3.228107603815937,0.4509712785067084
18,2.22,3.06986983511289,0.43890563172618224
18,2.24,4.056754850088184,0.4391448710804157
18,2.26,5.483183075221239,0.5953401021263379
18,2.28,5.898700319471519,0.561623898438365
18,2.3,6.181962929414923,0.5707962867629871
18,2.32,6.3545971690080885,0.49335920107628034
18,2.34,7.303683622190566,0.5044407329515062
18,2.36,7.135616106926135,0.42236721565894736
18,2.38,7.548753890445067,0.4250282788971622
18,2.4,7.623881172839506,0.38519531908173466
18,2.42,6.683501683501683,0.3562207012989401
18,2.44,6.796817319368548,0.33328967329822284
18,2.46,7.05243899302419,0.3387804378376607
18,2.48,5.846967219235364,0.30335446226829366
18,2.5,6.022334691358024,0.2988735936531888
18,2.52,5.555851349586475,0.4363277074648878
18,2.54,5.696709833192773,0.41932591006246567
18,2.56,6.02125862469288,0.4637861530817956
18,2.58,4.057242797393499,0.27774764293361315
18,2.6,3.989040151946819,0.26805244529075506
18,2.62,3.645764676802846,0.26486857587777873
18,2.64,3.712679642567952,0.29356792661798464
18,2.66,3.0127153908830326,0.24730320732548078
18,2.68,3.0272820820412405,0.21582825054828456
18,2.7,3.1260736738106987,0.20973140687198644
18,2.72,2.67373774054725,0.19452531814900098
18,2.74,2.47301703163017,0.16834305966325314
18,2.76,2.335216384863124,0.172183670011607
18,2.78,2.3527293720579094,0.16270251055793447
18,2.8,2.2413738115427666,0.16988812845523982
18,2.82,2.0798156630330094,0.17402548698988335
18,2.84,1.7657372359154928,0.12292123087327826
18,2.86,1.8883395655270656,0.14023081187625447
18,2.88,1.8719251275291497,0.13079606635686902
18,2.9,1.7205691517667092,0.12455026116434571
18,2.92,1.6227018592508036,0.1359162748013925
18,2.94,1.5901477072310408,0.10817346399525787
18,2.96,1.7310055889222555,0.13224074520456683
18,2.98,1.4043717116165382,0.115169332266524
18,3,1.3545826903292182,0.1088142923071636
18,3.1,1.2681345828355237,0.09467864297009825
18,3.2,0.8277245129243828,0.06759481399930821
18,3.3,0.6534421997755331,0.043233459325023295
18,3.4,0.713119008714597,0.05780944498536844
18,3.5,0.5611555555555556,0.045018349195737044
18,3.6,0.5662783779149518,0.053523824649117584
18,3.7,0.5295728228228228,0.0525843170031073
18,3.8,0.39425712719298245,0.03791595143271378
18,3.9,0.429508626147515,0.03991230669574616
18,4,0.4030536265432099,0.03797241634950555
18,4.1,0.383297783047275,0.032989798865939855
18,4.3,0.30858668891759977,0.024273072276737903
18,4.4,0.2825476290684624,0.02500035862188131
18,4.5,0.24917359396433475,0.02211465514124224
18,4.6,0.22728527576489538,0.017337008634683456
18,4.7,0.2581753184922511,0.020365450761663545
18,4.8,0.26701991705246914,0.024003619110102507
18,4.9,0.2484226347946586,0.024801238587982475
18,5,0.22571726851851853,0.01693165140374265
18,5.1,0.20945895364318573,0.01532348164354054
18,5.2,0.16627754036087372,0.016669536637598584
18,5.3,0.18873462613556952,0.018071439146558333
18,5.4,0.15931498628257887,0.014657805326204693
18,5.5,0.17297620650953982,0.013803059143766465
20,1.8,0.11208885416666668,0.009676591696669321
20,1.82,0.131068646978022,0.012148561364926962
20,1.84,0.15389347826086958,0.015242320464165009
20,1.86,0.1406854502688172,0.013452377227199242
20,1.88,0.16580182845744681,0.018155951794356407
20,1.9,0.16697355263157895,0.014359558187632073
20,1.92,0.1926562174479167,0.02731806750815421
20,1.94,0.2737507159221077,0.052747837648006904
20,1.96,0.3026658163265306,0.029023926810114824
20,1.98,0.27489381313131317,0.02979982179275211
20,2,0.3573837187500001,0.06756375196551528
20,2.02,0.4936534344059406,0.0696446191094957
20,2.04,0.5611296262254902,0.0680290424310302
20,2.06,0.500836620145631,0.05921927169581495
20,2.08,0.5795276141826922,0.05601461627200637
20,2.1,1.1719928273809523,0.3600967561188074
20,2.12,1.4318042158018869,0.3769443005978177
20,2.14,1.828636653037383,0.4010136553778419
20,2.16,2.200323958333333,0.5455236103868242
20,2.18,2.8557332282110086,0.4873557091386204
20,2.2,3.2280361079545448,0.4791536345901398
20,2.22,3.902860247747747,0.5843608641014459
20,2.24,5.265034347098213,0.6067208979756427
20,2.26,4.807768915929203,0.5153157590586058
20,2.28,7.322558771929826,0.7242436281220321
20,2.3,7.7427399728260875,0.6309406790684543
20,2.32,8.260256438577587,0.5807149523562375
20,2.34,8.634323477564102,0.5743674011628407
20,2.36,9.235443617584746,0.531472482092298
20,2.38,9.065915861344537,0.4657963597805114
20,2.4,8.850307057291667,0.4318156845931926
20,2.42,8.200673321280991,0.43155799296325503
20,2.44,8.00676219262295,0.38927428477603254
20,2.46,8.476493495934958,0.39563519642834644
20,2.48,6.798993548387096,0.370466163381247
20,2.5,6.061150400000001,0.3358241934590605
20,2.52,5.941057140967873,0.5719360951094175
20,2.54,5.640178737827891,0.4817956752687427
20,2.56,5.143556241426611,0.5697385668559105
20,2.58,4.759385678982616,0.44079899136508294
20,2.6,4.399353461538462,0.39466227174954915
20,2.62,3.946104484732824,0.30127774323972456
20,2.64,3.1441147454421445,0.2747321056645306
20,2.66,3.1863857354611276,0.21352290067197954
20,2.68,3.4614226693948833,0.2947627029107725
20,2.7,2.713248518518519,0.2046195879110464
20,2.72,2.869877097553303,0.19985014460088485
20,2.74,2.880232093978102,0.20066114521724454
20,2.76,2.8304867125937365,0.24748289308390664
20,2.78,2.4340135791366904,0.1507219329657432
20,2.8,2.2482226562500003,0.18756610759190953
20,2.82,1.9185056515957448,0.157008685093638
20,2.84,1.9480003521126759,0.14015562888496694
20,2.86,2.101562041083916,0.18075687364728404
20,2.88,1.7842751519097222,0.1584868777587543
20,2.9,1.6634592887931037,0.11654821260214364
20,2.92,1.6925379922945207,0.1255813423053863
20,2.94,1.5357333333333332,0.10644893277502306
20,2.96,1.5672565667229728,0.10614384199160445
20,2.98,1.4461220637583891,0.10709495474654201
22,0.8,0.0003248321280991737,8.60691799931097e-05
22,1,0.0016477272727272727,0.00026305016360689656
22,1.2,0.006017174586776861,0.0006542425396909533
22,1.4,0.014823457792207794,0.001238648811957493
22,1.6,0.05176123450413222,0.006999590908656907
22,1.62,0.04554940184675033,0.004766620917315509
22,1.64,0.047641100584559566,0.004190099819229693
22,1.66,0.06406004182017326,0.005984519523696389
22,1.68,0.06493506493506493,0.006603593609781238
22,1.7,0.06708115580943122,0.00543596787690253
22,1.72,0.07911000864885645,0.011384978754533339
22,1.74,0.08760303861499004,0.008153049066395928
22,1.76,0.09263758452291508,0.009195680993127692
22,1.78,0.10491918353607578,0.01168882531693638
22,1.8,0.10858298898071622,0.009619679608947855
22,1.82,0.1216574334756153,0.011991219438232557
22,1.84,0.10687092952748833,0.010542046759347449
22,1.86,0.1155380509641873,0.008961526001638475
22,1.88,0.19987908277650784,0.029015012170008746
22,1.9,0.20505216942148766,0.02093623995553859
22,1.92,0.18492209022038572,0.020239824744258214
22,1.94,0.3681359488748782,0.15954424128814393
22,1.96,0.3626121445239264,0.06314343029069411
22,1.98,0.25255757471408297,0.02044319430960501
22,2,0.34942084194214873,0.03868032499925978
22,2.02,0.32661566156615657,0.0281223251273202
22,2.04,0.6080542051531357,0.0929327720666651
22,2.06,0.632685724745246,0.10253433545422382
22,2.08,0.8563239033693579,0.1528799711755033
22,2.1,0.9684009986225894,0.2250144371772995
22,2.12,1.123155212069234,0.17595896011849874
22,2.14,1.2370988452923457,0.1638983687644372
22,2.16,2.0079123622589528,0.3464880109347261
22,2.18,2.3137239366138442,0.39040297190160284
22,2.2,2.758298647633358,0.4086712852414713
22,2.22,4.29675449985109,0.7133203689345636
22,2.24,4.089343916027154,0.502947150247197
22,2.26,6.434157737877569,0.6785315210379579
22,2.28,8.012931143069451,0.7823531280717154
22,2.3,9.47117849443047,0.7330103901905427
22,2.32,10.288750267170135,0.6822046603483309
22,2.34,10.323371808116125,0.6463588281050398
22,2.36,10.557141559567166,0.5917387536163007
22,2.38,9.705528074866312,0.5435258974196507
22,2.4,9.562790547520663,0.5000803016271594
22,2.42,9.828276671675434,0.47413999374481236
22,2.44,9.143692398557105,0.45895850129958793
22,2.46,8.259323053147888,0.42227124135581123
22,2.48,7.783168467575313,0.41321381726956163
22,2.5,6.6901170247933885,0.3685467739059637
22,2.52,7.092109077790896,0.9102507767293374
22,2.54,6.086053800351402,0.4481951322055927
22,2.56,4.599080203978484,0.39409260095121124
22,2.58,4.606331978285387,0.5850109338854989
22,2.6,4.628542453909727,0.4075220257345829
22,2.62,3.8715570626715996,0.33054636147558414
22,2.64,3.8675140610137424,0.28610183130867867
22,2.66,3.2448522242198723,0.2557821252824993
22,2.68,3.2111160853200045,0.21393019858416476
22,2.7,2.698250516528925,0.18148281502192704
22,2.72,2.62913661810282,0.169334413787253
22,2.74,2.7893075611045233,0.20427363682176916
22,2.76,2.0301682087675172,0.15702902626911458
22,2.78,2.3611950026755455,0.16645862388716917
22,2.8,2.381679290879575,0.1825474862683908
22,2.82,2.129023045982064,0.1637142091119447
22,2.84,1.9895122075427774,0.15264509636701812
22,2.86,1.831271582240074,0.16042593150430218
22,2.88,1.7904322880796602,0.12795906930310738
22,2.9,1.847291803220291,0.12060467530649803
22,2.92,1.7127729643099736,0.13528177832257302
22,2.94,1.5236966429133638,0.11299368119177262
22,2.96,1.5586793611793615,0.09900364007082818
22,2.98,1.431136623634145,0.12383391214796366
22,3,1.2512052341597795,0.09451029399386042
22,3.1,1.0601113703012528,0.08180881962775223
22,3.2,0.9158744834710744,0.06917237519922524
22,3.3,0.8866355966691712,0.07185490790334961
22,3.4,0.7804170971074379,0.06881014196759942
22,3.5,0.5576568919716648,0.04152137238703769
22,3.6,0.5944791092745638,0.052464345594041006
22,3.7,0.5217466495421041,0.040283225122767344
22,3.8,0.377308598847325,0.03645968606580392
22,3.9,0.4113252278025006,0.035422945431521545
22,4,0.4289863119834711,0.0371569833809323
22,4.1,0.3647480220721629,0.035229715675746884
22,4.3,0.3144881678839131,0.03337785535283526
22,4.4,0.31397332832456787,0.026549653852662513
22,4.5,0.30305711662075296,0.027482166519880197
22,4.6,0.22145201895436584,0.020245472148754776
22,4.7,0.22412712106558816,0.016916743094569246
22,4.8,0.2371021005509642,0.018036581343303743
22,4.9,0.21358875864395344,0.02380608247295819
22,5,0.18985511363636362,0.016608578068910546
22,5.1,0.20145029168692272,0.016171684163939347
22,5.2,0.18064431023521932,0.016676288611994702
22,5.3,0.1668874161858725,0.012105488456868525
22,5.4,0.17409209519436789,0.01608099110055857
22,5.5,0.1894935762584523,0.01629661114149058
24,0.8,0.00017013888888888892,5.862610130358088e-05
24,1,0.001290104166666667,0.00016462519268605218
24,1.2,0.006660554108796297,0.0006534209839459184
24,1.4,0.017285590277777783,0.0013527447168641344
24,1.6,0.040706353081597216,0.003129934468693996
24,1.62,0.05546810699588477,0.007591616523459531
24,1.64,0.0534839727303523,0.004301630358416167
24,1.66,0.052015457663989295,0.004482774536093285
24,1.68,0.0708082992311508,0.007795184669071029
24,1.7,0.07077522467320262,0.006580806966396394
24,1.72,0.07999533167797157,0.008842790510841898
24,1.74,0.08399944125159643,0.009693254653111659
24,1.76,0.09353197502367425,0.009191139392427633
24,1.78,0.08751940933208491,0.007132783409868262
24,1.8,0.11477408854166668,0.012098156182889971
24,1.82,0.12317269536019537,0.011080018912204444
24,1.84,0.12370914477657002,0.009607169398017819
24,1.86,0.16759051579301074,0.014169277572812193
24,1.88,0.14321880079048466,0.010675183448686258
24,1.9,0.18773846399853808,0.01809047037456885
24,1.92,0.24079273365162038,0.02605309050148645
24,1.94,0.22507192779925544,0.018223654490046308
24,1.96,0.23983701814058955,0.018260046848321353
24,1.98,0.3370825441919193,0.043390837834441656
24,2,0.47835685763888885,0.05714631436199084
24,2.02,0.6266264438943894,0.13655100468830983
24,2.04,0.5367161756195533,0.09079349407116737
24,2.06,0.6492671251348436,0.08700000843022482
24,2.08,0.6960356570512822,0.06325254598850368
24,2.1,0.7144758597883597,0.05818980678638433
24,2.12,1.5432677378144652,0.3250514122751849
24,2.14,1.6574084079698854,0.2503048623889772
24,2.16,1.7360884251221707,0.2850708674672293
24,2.18,2.045829968622579,0.2577659520026061
24,2.2,3.8182998737373737,0.7037664093999613
24,2.22,4.6213550269019015,0.6703008531850864
24,2.24,5.179368005177331,0.7636320006061786
24,2.26,5.939280282079647,0.7487174721425991
24,2.28,9.213455698708577,0.8587606505015191
24,2.3,11.46386896135266,0.9251356117810393
24,2.32,10.138297713122606,0.724796858249577
24,2.34,12.332605947293448,0.7641231622244701
24,2.36,13.178991860140066,0.6592231757320554
24,2.38,12.824437149859945,0.5943206834113459
24,2.4,10.184295428240741,0.5219978215429258
24,2.42,10.46085426351584,0.5284377456776423
24,2.44,9.79296503230305,0.5148702137401304
24,2.46,8.19947237395551,0.4737484192430726
24,2.48,8.31213903939852,0.47397842650729094
24,2.5,7.415054704861111,0.44205451997017703
24,2.52,6.506002922962769,0.6461116300141009
24,2.54,5.45860909406211,0.48555370625566063
24,2.56,5.576618101564102,0.6378077858469925
24,2.58,4.898328582266691,0.495235006785103
24,2.6,4.238989783653846,0.3744887578774245
24,2.62,4.525958673172189,0.41892016237619784
24,2.64,4.040160153823989,0.3201350772477947
24,2.66,3.086071406365384,0.24515410135149562
24,2.68,3.4936852902220625,0.2836130024664496
24,2.7,3.143265185185185,0.27711655370969596
24,2.72,2.8972451203788805,0.17588315321166548
24,2.74,2.445720787079278,0.19093094884291234
24,2.76,2.4889736658363533,0.17104574575798587
24,2.78,2.301321926833533,0.17376318976810176
24,2.8,2.1620203373015876,0.1504686840675438
24,2.82,2.169131451930654,0.19415321445661302
24,2.84,1.8037072085289516,0.1807279443436361
24,2.86,2.015277034163753,0.16002458887967802
24,2.88,2.1472401710792823,0.17118763376394958
24,2.9,1.8180457375478931,0.13425973968897797
24,2.92,1.6037438017265981,0.14436890559065452
24,2.94,1.6210272581254723,0.12971566447022395
24,2.96,1.362454251126126,0.09132768239792641
24,2.98,1.350702003518829,0.09155681509495049
24,3,1.2909371383101853,0.11054118722825719
24,3.1,1.1313340053763439,0.08628506105746599
24,3.2,0.9999194878472222,0.08510537399803648
24,3.3,0.7834440235690235,0.06729816291092944
24,3.4,0.6919139986723857,0.05968781101396305
24,3.5,0.5535178075396826,0.04294653802102785
24,3.6,0.540078498746142,0.05080460285928131
24,3.7,0.4867538358671171,0.040472637296306666
24,3.8,0.45898935489766085,0.039270062321657785
24,3.9,0.3830800836894587,0.025840787502260334
24,4,0.34764669053819447,0.02660358881950042
24,4.1,0.3759328844850949,0.028702274734228223
24,4.3,0.2858328387435401,0.024329518488375834
24,4.4,0.27246018781565656,0.01895734119858784
24,4.5,0.2728040027006173,0.0211622131813662
24,4.6,0.2765020757850241,0.023617550478558853
24,4.7,0.20655008865248226,0.01572568965706366
24,4.8,0.22416267903645834,0.019308425902955256
24,4.9,0.2360708616780045,0.01892149307795578
24,5,0.19263302083333333,0.01735887644820656
24,5.1,0.18976797385620917,0.015158567816121044
24,5.2,0.1822007795806624,0.012898616609240297
24,5.3,0.1779906970649895,0.012886154480883068
24,5.4,0.17961901202417693,0.01321358454232919
24,5.5,0.15653862847222222,0.011998943980076329
26,0.8,0.000428809171597633,0.0001737197171061112
26,1,0.001126886094674556,0.0001390276346159908
26,1.2,0.005657513560157792,0.00045921057226331165
26,1.4,0.01899236580726965,0.0017688205731959067
26,1.6,0.04319193786982249,0.003484150663786511
26,1.62,0.05144621137409599,0.005097148025604933
26,1.64,0.051181267138115175,0.00456109077182597
26,1.66,0.05412053539602197,0.0034886227093574307
26,1.68,0.05755580357142857,0.006009011502387545
26,1.7,0.06127184128089104,0.004469228069338558
26,1.72,0.07080103120269712,0.006766333716994928
26,1.74,0.09744065836904034,0.00914434453290794
26,1.76,0.08967588000941369,0.00887258057067543
26,1.78,0.10026990808456886,0.008477794666261921
26,1.8,0.1265596441485865,0.01203695599087899
26,1.82,0.11513214041875285,0.010095216631194696
26,1.84,0.1283600583676357,0.01061848597686621
26,1.86,0.15702263075014314,0.015484787330172984
26,1.88,0.16317022456880273,0.015812688867572897
26,1.9,0.18722436546247273,0.01829306879242956
26,1.92,0.18913952708949708,0.022535914121273096
26,1.94,0.2315141943207467,0.019517603408185185
26,1.96,0.27644908148170505,0.028287425632951103
26,1.98,0.33465854924989535,0.052671046920042715
26,2,0.4077921412721893,0.04015382894305305
26,2.02,0.4147751589138204,0.03841637991755451
26,2.04,0.5789911097575126,0.06929094850154575
26,2.06,0.5258251709082553,0.051883127267519806
26,2.08,0.8622239844105598,0.19962567163841888
26,2.1,0.9026765285996056,0.14116305302601145
26,2.12,1.1117539180250082,0.12032484385593327
26,2.14,1.316462907150362,0.2106156630724792
26,2.16,1.230204292680254,0.11680484491361075
26,2.18,2.7769929530155797,0.413869454884654
26,2.2,2.8781507362829477,0.4147421301964045
26,2.22,5.540873114238497,0.8263449607243183
26,2.24,7.970929575232459,0.8893604567867444
26,2.26,8.085400831936957,0.8665290775693284
26,2.28,9.979284166407142,0.9437725551742744
26,2.3,13.974991960380757,1.0043026291891866
26,2.32,14.211780743088147,0.8913684540607031
26,2.34,14.145475759242402,0.8103759593176233
26,2.36,14.514959382208406,0.7762690703426561
26,2.38,14.378396011511112,0.6856998623477351
26,2.4,12.597221338757398,0.6285183420375036
26,2.42,12.129597474204116,0.6280172177227774
26,2.44,11.604272722863517,0.5696519301062575
26,2.46,9.687174060109683,0.5283475412056345
26,2.48,8.65867888373258,0.48041954984709634
26,2.5,7.814227563632485,0.5121325687057783
26,2.52,6.689995050820895,0.6766532745579338
26,2.54,6.800495531240922,0.5926521242307365
26,2.56,5.725971356567067,0.5555861942086987
26,2.58,5.663134718590889,0.6197078836963779
26,2.6,4.264465454169618,0.376682021872798
26,2.62,4.154266004674125,0.3943287209150221
26,2.64,3.731537139945549,0.3346767605636406
26,2.66,3.4476285251729695,0.2984787596930648
26,2.68,2.959469157900057,0.21761225164091552
26,2.7,3.322887831553373,0.3200854528204798
26,2.72,3.259202816415907,0.25985818119161236
26,2.74,2.8006613564944307,0.2559987256096859
26,2.76,2.3704845255195384,0.17975914330056028
26,2.78,2.312040661849219,0.17331402123612213
26,2.8,2.11651298341082,0.14845584758181996
26,2.82,2.167099109803181,0.17777721350817746
26,2.84,2.232721359592466,0.17612406435050398
26,2.86,1.815550013965325,0.14392174347214828
26,2.88,1.9035231241781723,0.13599563052710595
26,2.9,1.7697308712507653,0.1332069559557521
26,2.92,1.4617029945489177,0.1050424161203487
26,2.94,1.4533489187094952,0.11274156020760559
26,2.96,1.5002860626899088,0.13128067328543538
26,2.98,1.4027911793614234,0.10900734255953055
26,3,1.6176161735700199,0.11551192459760737
26,3.1,1.131375262454667,0.09540094772530922
26,3.2,0.888382015070266,0.0665348035507324
26,3.3,0.9138185404339252,0.074725414097396
26,3.4,0.7349740689175078,0.060802457814744804
26,3.5,0.6118981825866441,0.05288075564029126
26,3.6,0.56556581812952,0.052180777583595586
26,3.7,0.5000450883575882,0.04163617286149221
26,3.8,0.4427376109467456,0.03735559426463673
26,3.9,0.40438264299802756,0.03958329429742063
26,4,0.3492804733727811,0.029719436958030025
26,4.1,0.3875436210131332,0.03173657139341637
26,4.3,0.2883650749965598,0.024323652241262938
26,4.4,0.27600994318181815,0.027037919060499915
26,4.5,0.27900456936226165,0.02389400420466357
26,4.6,0.2450440490738359,0.019486460684504648
26,4.7,0.21851812130177511,0.018432181357089458
26,4.8,0.2297799556213018,0.017672921234640423
26,4.9,0.17421790091776357,0.013658849818221545
26,5,0.20277289940828397,0.0143364384561032
26,5.1,0.20801803428471977,0.02155028786062665
26,5.2,0.17493541619253528,0.013108656260124163
26,5.3,0.14009375348889136,0.010463688448088338
26,5.4,0.1497145449813719,0.010813180812750421
26,5.5,0.16559201183431954,0.012287717068575192
28,0.8,0.0002324218749999999,7.86518223013167e-05
28,1,0.001984566326530612,0.0002501495332513278
28,1.2,0.0046921768707483,0.0004491051462911026
28,1.4,0.01604874271137027,0.0011999375984495058
28,1.6,0.04147303491709184,0.0035315676668348137
28,1.62,0.045780561067019394,0.0039092539674776975
28,1.64,0.04929038078646093,0.003962328917724106
28,1.66,0.05408315020285221,0.004151273977156337
28,1.68,0.06829292319606416,0.005984367924537915
28,1.7,0.06854664990996401,0.0058725727915782365
28,1.72,0.07114491872330328,0.006694120840469326
28,1.74,0.08501869282195637,0.007179225550636631
28,1.76,0.08744484867810763,0.007188253580051548
28,1.78,0.09247518846021555,0.007678160580379797
28,1.8,0.10584070294784581,0.00826037572265666
28,1.82,0.12787613534424758,0.015484345339662954
28,1.84,0.1348546854203638,0.0128401255137948
28,1.86,0.17911482334869436,0.01840935284806175
28,1.88,0.2272179050015812,0.0403892472771362
28,1.9,0.19942184143394204,0.017035327818870828
28,1.92,0.20563242386798466,0.016345971895347478
28,1.94,0.273610088365243,0.025467340006701977
28,1.96,0.289212762911287,0.030330489758580742
28,1.98,0.3042470463564214,0.02614659336189099
28,2,0.30685911989795916,0.029301344435140694
28,2.02,0.3673290058597697,0.043798724995990725
28,2.04,0.46638649209683875,0.05020205084595863
28,2.06,0.6106628783188033,0.07493494492214577
28,2.08,0.8331070784684065,0.1583361256222686
28,2.1,1.0666884718172984,0.18279381095411035
28,2.12,1.0590459544666924,0.15405051178954293
28,2.14,1.2851655630125882,0.14301665068097486
28,2.16,2.6269430272108845,0.656757280198922
28,2.18,2.9403566747800034,0.6372493081517305
28,2.2,5.424839387175324,0.8779369075791371
28,2.22,5.678345499517374,0.8686790318834755
28,2.24,9.28436475036443,1.1822756817376816
28,2.26,10.374276176178435,1.150393175490807
28,2.28,10.886110588972432,1.0711827112990435
28,2.3,13.637482794476487,1.0640523980805783
28,2.32,14.97899256685433,0.9556436659845577
28,2.34,15.441043506344846,0.8520374777404333
28,2.36,17.45823081059754,0.8320100504036252
28,2.38,14.167076348396503,0.6994182008551327
28,2.4,13.126419589710885,0.6681233032929781
28,2.42,12.874988285861866,0.6461443839075025
28,2.44,11.036864322829542,0.5817558840854546
28,2.46,9.943533668802885,0.5756447739132853
28,2.48,7.705700182110761,0.48797131520749354
28,2.5,7.282922946428571,0.43964883210690753
28,2.52,7.1155957561673855,0.6803722335224831
28,2.54,6.927555115361332,0.641527662817109
28,2.56,5.489870920631566,0.5957054307940259
28,2.58,5.439090136054421,0.7106827312585969
28,2.6,5.265836734693877,0.46833606820045076
28,2.62,3.9976446175416736,0.39103851967756126
28,2.64,3.3285920860995932,0.28299973412989604
28,2.66,2.9620387209603467,0.25762364889010303
28,2.68,3.5378623456488327,0.27282188054725237
28,2.7,3.282022188923884,0.2689333892136347
28,2.72,2.9625734647496693,0.21246212772265316
28,2.74,2.438602234004915,0.18057462701134566
28,2.76,2.5832221305641823,0.18608650885867317
28,2.78,2.632375213807748,0.21694446183529734
28,2.8,2.1118290360787175,0.16508709808763022
28,2.82,2.05154480342669,0.16120073061575202
28,2.84,1.8226580464932454,0.15104497377209716
28,2.86,1.9827650474525478,0.16556445921216667
28,2.88,1.7410599024766154,0.12800246032951465
28,2.9,1.6253295984342013,0.12688995712545026
28,2.92,1.4884285015376013,0.11996565282672944
28,2.94,1.7868985904310706,0.15521360742552498
28,2.96,1.6522907366071429,0.13020294348740474
28,2.98,1.314734015460211,0.11171439801908772
28,3,1.4044491390306124,0.11792479066684015
28,3.1,1.100792451859776,0.0922599431537666
28,3.2,0.8323641183035713,0.0630350229409667
28,3.3,0.6930750521799629,0.052999881435725066
28,3.4,0.5846762361194477,0.053732762399321676
28,3.5,0.6436841745626822,0.05577536713570365
28,3.6,0.5584535767431973,0.0475563370235661
28,3.7,0.49545887341423045,0.04121935134187624
28,3.8,0.4358795649838883,0.04406732016778397
28,3.9,0.3869170591313449,0.02852870995104296
28,4,0.4113730787627551,0.028960502085503537
28,4.1,0.36872379759830765,0.029857078635296408
28,4.3,0.28698952895111535,0.024213891074440906
28,4.4,0.2531419294990723,0.01844518968264118
28,4.5,0.25571371173469387,0.02139195008264526
28,4.6,0.25053897931455194,0.020723627749803648
28,4.7,0.25523441570777244,0.01823449749794577
28,4.8,0.2638820618090987,0.02135736165684558
28,4.9,0.22648115368596414,0.025117196863010022
28,5,0.22345854591836734,0.020071866452389116
28,5.1,0.19075507703081232,0.015504359151310636
28,5.2,0.18936837102629506,0.015407194202952418
28,5.3,0.17644298710050058,0.017483774873722952
28,5.4,0.1772130987811791,0.01641334548012952
28,5.5,0.19600183209647493,0.01535848841410594
30,0.8,0.00023874999999999995,5.266487963505076e-05
30,1,0.001523083333333333,0.00021878967014396918
30,1.2,0.005395925925925926,0.0004179363844382219
30,1.4,0.017705853174603173,0.0012731975872624735
30,1.6,0.04142493055555555,0.0036702442971383196
30,1.62,0.04488599108367627,0.004140183777500191
30,1.64,0.04938346883468834,0.003927156275347241
30,1.66,0.06034523092369477,0.004688714642444707
30,1.68,0.053709507275132275,0.004107999949315079
30,1.7,0.07366477124183007,0.008138027999728677
30,1.72,0.06095607235142116,0.004171184676023729
30,1.74,0.08190236270753512,0.007368195551138124
30,1.76,0.08947283775252525,0.008482737275864075
30,1.78,0.1015798845193508,0.01096949472269375
30,1.8,0.12620734567901237,0.011023729417059836
30,1.82,0.1498781440781441,0.017442110753913675
30,1.84,0.1914171346618358,0.02946726616477633
30,1.86,0.15365585424133815,0.013074030965375686
30,1.88,0.14431026891252952,0.012314470197083604
30,1.9,0.19427881578947367,0.019131339651993567
30,1.92,0.24618505497685184,0.0313304085836973
30,1.94,0.20948705612829324,0.018037364927197867
30,1.96,0.260709693877551,0.026204785982706064
30,1.98,0.3457842873176206,0.035450407504706155
30,2,0.4616743194444444,0.07587796582239373
30,2.02,0.46209983498349844,0.04388214132578134
30,2.04,0.48714214324618726,0.051640697173092935
30,2.06,0.6185811084142395,0.06900843966065405
30,2.08,0.6046576388888889,0.05831619485247555
30,2.1,0.7388734259259258,0.07646325729453124
30,2.12,1.6794313941299792,0.5512189425350308
30,2.14,1.413042043094496,0.17318184045116317
30,2.16,2.237676903292181,0.4991872071115977
30,2.18,3.712742087155963,0.7636969470778674
30,2.2,4.024326464646464,0.6274989816762453
30,2.22,5.077080880880881,0.7831446278163885
30,2.24,7.944289632936507,1.0717225181292158
30,2.26,10.007791494591938,1.1741096176408243
30,2.28,14.800300925925926,1.3660805651894083
30,2.3,17.152687910628018,1.226204910507859
30,2.32,18.578150909961685,1.0947788877244178
30,2.34,19.102930662393163,0.9493442769122623
30,2.36,17.712520233050846,0.8641713519187711
30,2.38,16.309245459850608,0.8529467191365583
30,2.4,16.921320324074074,0.8208572179449213
30,2.42,12.85465967630854,0.6966569020978538
30,2.44,10.846570753642986,0.6607109178527877
30,2.46,10.195833960654422,0.6172630085168819
30,2.48,9.905774988799283,0.6135029145985602
30,2.5,8.474633190883191,0.6489035140388734
30,2.52,6.667057236838089,0.732466663459714
30,2.54,6.552431336197651,0.5688193295300671
30,2.56,6.40649118679974,0.7275314527053754
30,2.58,4.28252960622727,0.49581683865137643
30,2.6,4.244815623697418,0.43584137135953627
30,2.62,4.536157394402036,0.3879707305372469
30,2.64,3.4285262930494844,0.27303498900507966
30,2.66,3.4160221621366977,0.2549747998880128
30,2.68,3.5072229555171988,0.3754028210963328
30,2.7,3.247637852937814,0.2506409162316099
30,2.72,2.8045515694224217,0.21997539571637326
30,2.74,2.6990478129117474,0.23006676782613109
30,2.76,2.183084983896941,0.178281945271223
30,2.78,2.4700512640284407,0.18987769186362344
30,2.8,2.6295282142857146,0.2256818166825442
30,2.82,2.166999369582348,0.20057692544183392
30,2.84,2.149698503521127,0.1427878259003544
30,2.86,2.1429556235431235,0.16706509235228478
30,2.88,1.6862542824074074,0.11521459322154509
30,2.9,1.9961135632183906,0.17203207975597848
30,2.92,1.7034014840182647,0.1492091831925162
30,2.94,1.6055101662887377,0.13353213052585317
30,2.96,1.726992783408408,0.14962130823703393
30,2.98,1.5564551733780763,0.11479776950999766
30,3,1.4384954722222223,0.12461338610341845
30,3.1,1.1062542562724016,0.08593250852629938
30,3.2,0.8477346440972222,0.06828771219165607
30,3.3,0.8677878787878788,0.06523773905804228
30,3.4,0.7217312091503267,0.05869830603745301
30,3.5,0.5868831031746031,0.04988274719478522
30,3.6,0.5894459182098765,0.05216769989770761
30,3.7,0.5064213513513514,0.035020783763555344
30,3.8,0.4604794152046784,0.0369886360235765
30,3.9,0.42362386752136755,0.037951221616561906
30,4,0.33650975,0.02993319442501575
30,4.1,0.3506154742547426,0.0280578917025466
30,4.3,0.27789674418604654,0.024353633849133745
30,4.4,0.23063807449494947,0.0189413442296555
30,4.5,0.2969694814814815,0.025481949629321394
30,4.6,0.2790610567632851,0.024260079494055595
30,4.7,0.24236952718676127,0.0200699011337901
30,4.8,0.20097078125,0.01658374440887164
30,4.9,0.22916562358276646,0.01819714411700432
30,5,0.20043795000000003,0.014266764983809509
30,5.1,0.1994139433551198,0.01542939884587127
30,5.2,0.16040596153846157,0.01250463931527805
30,5.3,0.16580062368972742,0.014659394652524256
30,5.4,0.16948341049382717,0.016274309445815146
30,5.5,0.15375426262626263,0.011097928880382885
32,0.8,0.00025378417968749997,4.9785352679101653e-05
32,1,0.0015038818359375003,0.00015479943500586808
32,1.2,0.005680155436197917,0.0004230488629881611
32,1.4,0.016388392857142862,0.0012892972375864802
32,1.6,0.03432066345214844,0.0025207146417249083
32,1.62,0.044269868827160504,0.0035778739378325626
32,1.64,0.04946193788109756,0.0044907851325514244
32,1.66,0.05242197795086598,0.004152957588514364
32,1.68,0.05713117327008928,0.0038871327405265305
32,1.7,0.07452135512408088,0.007633373848071526
32,1.72,0.07333642294240553,0.005592205725578776
32,1.74,0.08625009821749281,0.007245835275534575
32,1.76,0.0893254921653054,0.007526348961644282
32,1.78,0.10625492395979635,0.010426704375476907
32,1.8,0.11055533854166665,0.010005956896993087
32,1.82,0.13246646419986266,0.010329430018673907
32,1.84,0.12539910357931386,0.011530350475292656
32,1.86,0.15225843203965053,0.015842589558625095
32,1.88,0.1631149746509309,0.018207808884914085
32,1.9,0.15816015625000002,0.013519470122024632
32,1.92,0.22268217722574865,0.021035849043890154
32,1.94,0.22402263208762888,0.019198121305467473
32,1.96,0.28011594188456634,0.028722277440002397
32,1.98,0.3131509923453283,0.027137408064199654
32,2,0.4196800659179688,0.045391730704657914
32,2.02,0.4112550157603651,0.033650023264032505
32,2.04,0.6156512211818321,0.1390353807043762
32,2.06,0.8204888382698726,0.14892162068342463
32,2.08,0.7780937781700721,0.1121216164649146
32,2.1,0.9969418596540177,0.10319592426087303
32,2.12,1.130299187426297,0.1201957776008446
32,2.14,1.2260066693742697,0.11669770081346992
32,2.16,2.5810293579101558,0.5376027642418103
32,2.18,2.444447379855934,0.33150954813379135
32,2.2,2.9207340198863636,0.43526643570092555
32,2.22,7.286691960515202,1.206055377633288
32,2.24,13.126293247767855,1.5982805686915376
32,2.26,12.12823837415307,1.3811008842860695
32,2.28,15.029830033151729,1.3469227006299955
32,2.3,15.499871560801632,1.0838071993975067
32,2.32,21.067449109307653,1.214501871244454
32,2.34,19.34520389915532,1.064301993388665
32,2.36,19.492652774099575,0.9432464414670287
32,2.38,17.57178225733653,0.8588452409314212
32,2.4,14.940874989827474,0.810761340956875
32,2.42,13.579732686192537,0.7485631507661592
32,2.44,12.39938149952604,0.8407227668375128
32,2.46,10.197244818309253,0.7196406941812464
32,2.48,8.236601385650763,0.6266256037057798
32,2.5,8.076154525,0.694414217655574
32,2.52,7.131917273889817,0.7000459358449517
32,2.54,8.064277121609798,1.013408769043915
32,2.56,5.822417923096238,0.6564458767649476
32,2.58,5.199953215843023,0.46622869496973063
32,2.6,4.365603389423076,0.3418247516094737
32,2.62,3.6155736397750675,0.46316132622496964
32,2.64,4.325082039811905,0.3957334393620945
32,2.66,3.5932352594110086,0.36475287157138175
32,2.68,3.258114430441785,0.33344103144247544
32,2.7,3.4106178384445873,0.31369996190392746
32,2.72,2.534435173483456,0.2027904525862228
32,2.74,2.729252537636861,0.20118671704952354
32,2.76,2.7949139492753625,0.2152878451934285
32,2.78,2.414912399914053,0.1788151260652363
32,2.8,2.370577209472656,0.21412276128989688
32,2.82,2.0734768049091317,0.17981003837334816
32,2.84,1.9055947317204005,0.14397034995190794
32,2.86,1.6977736338368663,0.13335629609835273
32,2.88,1.72421871609158,0.14358555872496764
32,2.9,1.5716535560344826,0.13402231572783055
32,2.92,1.6599959783684717,0.12620259475162837
32,2.94,1.4668542646550808,0.12371609364809248
32,2.96,1.4230949690535262,0.11530433785758715
32,2.98,1.6118765729865772,0.1297798544756454
32,3,1.507088142903646,0.12007814790051848
32,3.1,1.141740730531754,0.09272388773928837
32,3.2,0.8547869796752928,0.071579958785198
32,3.3,0.8151064675071024,0.06781039221253245
32,3.4,0.6754844827090993,0.06159394657617217
32,3.5,0.6759421805245536,0.06048147344930148
32,3.6,0.6466193576388889,0.053120414767795644
32,3.7,0.4608625158361487,0.035139709785506144
32,3.8,0.4347753842002467,0.03630570732353382
32,3.9,0.4234348958333333,0.03569048420525851
32,4,0.4634914489746093,0.03967341536328132
32,4.1,0.3649384289253049,0.030938818406373563
32,4.3,0.3054867142078489,0.02278806489249835
32,4.4,0.3112994884144176,0.030409947434949555
32,4.5,0.2617377983940972,0.02310758242825162
32,4.6,0.21863482931385872,0.01798443780646465
32,4.7,0.215575127784242,0.018162503179774678
32,4.8,0.25263273111979173,0.021470581719215082
32,4.9,0.23328443379304845,0.01893143537453428
32,5,0.1692034375,0.012463771178707072
32,5.1,0.2021214336320466,0.01597512983404558
32,5.2,0.1862750901442308,0.01376968555724763
32,5.3,0.18139502874410376,0.017057785313465162
32,5.4,0.16792822265625,0.01399265547573777
32,5.5,0.16152041459517047,0.011850877643428098
