N,temp,Xi,Xi_err
5,0.8,0.00049875,0.0004993714760612744
5,1,0.001191,0.0006832762236554748
5,1.2,0.0038800000000000015,0.0010743785400325035
5,1.4,0.014925714285714289,0.002544137658128029
5,1.6,0.050390000000000004,0.009293491000813382
5,1.8,0.1065727777777778,0.024904681833969648
5,2,0.2623875,0.04482035260150786
5,2.2,0.47115636363636343,0.053555943567177015
5,2.4,0.5835849999999999,0.05062926252283121
5,2.6,0.7113461538461539,0.04539762592614377
5,2.8,0.7439910714285715,0.03696831678832483
5,3,0.6512370000000001,0.031253080511622205
5,3.2,0.59303,0.029314589966460126
5,3.4,0.491575294117647,0.025256869150324445
5,3.6,0.41962666666666665,0.022879324871282598
5,3.8,0.3452168421052632,0.022896208587530376
5,4,0.34989975,0.02017559527719764
5,4.2,0.2901369047619048,0.018842722546298256
5,4.4,0.26508522727272726,0.017942454922649866
5,4.6,0.20384695652173918,0.013323541453668286
5,4.8,0.21604812499999998,0.014085485363281375
5,5,0.1702072,0.012487727842852686
