N,temp,Xi,Xi_err
32,0.45,568.5558756510416,7.046061580818801
32,0.5,511.2006054687499,6.335752371941858
32,0.55,463.7310502485795,5.7662512922748235
32,0.6,420.7199055989583,21.595122686534385
32,0.65,384.391766826923,19.734458126938396
32,0.7,354.74822474888396,18.21430713618187
32,0.75,328.53171875000004,16.887826370380633
32,0.8,304.66558532714845,15.695981162640566
32,0.85,280.29472369025734,14.473864913511866
32,0.9,249.27978244357638,25.481624098778525
32,0.95,237.51525493421053,3.6465768619188683
32,1,213.50951171875,21.809524447522787
32,1.05,182.08743489583333,9.744099077080778
32,1.1,135.9894775390625,15.54099449455727
32,1.15,91.85338824728262,12.972263008602086
32,1.2,28.689491780598953,6.388389961167955
32,1.25,12.403787109375,3.216003046262265
32,1.3,4.80827487244898,1.7506833618572268
32,1.35,2.4436414930555554,0.9052101229251719
32,1.4,1.8698032924107146,0.6508710626460185
32,1.45,0.8993503312909661,0.31324672328816155
32,1.5,0.35368835034013607,0.17638909545648426
32,1.55,0.7902280745967741,0.426963398105685
32,1.6,1.524200439453125,1.3759184463591358
32,1.65,0.9577651515151517,0.7287899699890382
32,1.7,0.9906709558823531,0.9353036085128668
32,1.75,0.11754464285714283,0.09494958133772677
32,1.8,0.5195529513888889,0.1481393004167304
32,1.85,0.5611167608935466,0.41089517476346316
32,1.9,0.47604209498355265,0.3627708087994991
32,1.95,0.8985314002403846,0.38435070051525877
32,2,0.745703125,0.5400567415734117
32,2.05,0.9252334222560976,0.8539803592542292
32,2.1,0.20020243030247814,0.06961338690372117
32,2.15,0.416677881854723,0.20093845406946811
32,2.2,0.48627679998224427,0.22056700207520033
32,2.25,0.10336805555555556,0.08383705577109503
32,2.3,0.08298233695652174,0.026791320010396358
32,2.35,0.45948898176291797,0.29855937563107376
32,2.4,0.16325276692708335,0.07835609316917651
32,2.45,0.06375059789540816,0.05955248481871197
32,2.5,0.06921875,0.039475879716885307
32,2.55,0.1414818857230392,0.06955059031736492
32,2.6,0.06824199969951923,0.04069440711353558
32,2.65,0.049587264150943396,0.02268396519154031
32,2.7,0.015338600718065006,0.006960133457104449
32,2.75,0.08286931818181818,0.07735992107184839
32,2.8,0.10984933035714288,0.042666561007346705
32,2.85,0.02567045869883041,0.012434023196070265
32,2.9,0.09675826149425287,0.05371837945124337
32,2.95,0.22425847457627118,0.14334994084611036
32,3,0.12264827806122447,0.05517542512543273
