Temp,N,mag,mag_err,sp_heat,sp_heat_err,sucep,sucep_errM2,M2_err,M4,M4_err,U,U_err 
2.1,32,892.19375,2.578670481093768,1.0850289965432784,0.09618982621350754,1006.9404575892858,139.7164462923105,817279244.8,4527364.465493576,658655745368320.0,6796467983399.843,-1743961.6,4019.520130721658
2.12,32,877.64375,2.9801269612916994,1.0746716519359507,0.07674518641099948,1332.1865971403302,294.73709065604606,791636774.4,4979747.026852023,619701744198604.8,7057669155086.61,-1722905.6,4038.3875888857774
2.14,32,866.5,3.248423431927127,1.0339717113645808,0.08028510415611968,1568.0607476635514,258.5864344650774,772278169.6,5398222.889775995,591484804690124.8,7441979164430.573,-1700928.0,3998.548267803893
2.16,32,848.24375,4.255830808054465,1.1473512780355655,0.08139085457067845,2666.529206452546,980.0370457867967,742683814.4,6152104.6804815065,550405424906086.4,8035605607559.534,-1676556.8,4251.441368218952
2.18,32,817.575,6.278950852549183,1.255276528043725,0.09451806550712995,5751.075401376146,1404.9212882677164,697309414.4,8196257.74499187,495706481630105.6,9095786701957.371,-1651200.0,4488.078441057096
2.2,32,802.8684210526316,6.04410432131482,1.3726476863947645,0.12361669657209458,3752.8230714345673,624.5020262815469,668522406.1754386,8970702.999813972,454208568647320.7,10335248424388.006,-1615243.2280701755,5618.155083472847
2.22,32,784.0263157894736,6.903807346906248,1.5256091792017867,0.14444585599678209,4852.228232387511,1084.8041552718232,640480471.5789474,9677370.474300489,421270394596944.8,10909382609525.98,-1595966.8771929825,5976.7642029681665
2.24,32,739.938596491228,9.088663193477291,1.7698240891469532,0.16111373355246683,8334.294995987775,1431.091811362762,579766218.1052631,11479457.44937936,357335215647043.4,11118609193184.62,-1552294.1754385964,6495.380102738841
2.26,32,696.2631578947369,11.415442745044373,1.5344538225709903,0.1471673445538704,13031.486202698177,1910.647867043495,526575148.9122807,13113712.21200884,308737536081345.1,11492099198822.209,-1523729.9649122807,6102.065318025417
2.28,32,650.8275862068965,13.70173327278659,1.572369953583084,0.19732801018309717,11775.33178964057,2123.317895231562,461234486.73103446,15294319.279765641,240418829965156.62,12782528781847.209,-1482836.7448275862,7834.001658052841
2.3,32,523.5294117647059,33.89903069931266,2.1396066766526474,0.36593197100663283,24491.56612005416,4141.269312915027,338343574.5882353,32308909.920825247,161763925559175.53,22799877925212.668,-1430949.6470588236,15745.622204710178
2.32,32,485.8636363636364,25.29951213482819,1.4624298230955608,0.21852357387576546,23729.69417925335,2844.403381899878,298103156.3636364,22278992.269989528,128474153241506.9,14024184698359.363,-1384960.0,9912.82686116545
2.34,32,474.3414634146341,20.464029799217432,1.661646420036234,0.1900510010501519,21656.13806732189,1898.7433269712324,282291391.4796748,18695139.824551243,119122822123286.89,11544592448332.996,-1372426.406504065,8985.20159487797
2.36,32,427.3030303030303,27.581332935225817,1.7966950417114134,0.23822003706111594,20634.84809574948,2802.9929809340774,236836988.12121212,22576489.59095324,86640767677284.84,12560279334233.676,-1319408.4848484849,12955.60605169593
2.38,32,345.5833333333333,23.18212095554718,1.120916073911863,0.1428727863730175,15809.3341503268,1895.6146439977801,160823352.8888889,16662114.79054957,44240069924408.89,7200224366014.968,-1288931.5555555555,9867.822752209775
2.4,32,314.5365853658537,17.095650307334154,1.2958859078131773,0.1537893747158202,14735.828541212239,1521.8017073609008,137522434.08130082,12632150.211927012,37326010448055.16,5896121569636.327,-1257438.699186992,8138.367277240223
2.42,32,295.6727272727273,23.997585820299584,0.9029324985140225,0.15076018362938826,12616.664981900143,1959.3548697684178,120785603.49090908,16950971.502915066,29124183926374.4,6925912276845.001,-1247492.6545454545,10348.574442696652
