Temp,N,mag,mag_err,sp_heat,sp_heat_err,sucep,sucep_errM2,M2_err,M4,M4_err,U,U_err 
2.15,20,335.95,1.5643414833744993,0.9917921038399136,0.0731975391993398,1.132531976744186,0.154245052031502,113836.38,975.6378180538413,13337567713.68,204645989.13554648,-644.58,2.1465246429785783
2.2,20,313.65,2.539369099727691,1.3819644111570248,0.09741288429783693,2.9164517045454543,0.37593165072089996,100942.8,1371.4574019745824,10938049945.44,242043632.13829458,-615.37,2.592735451482654
2.25,20,282.74,3.68276526986373,1.6171246913580246,0.10559153129614289,5.997791555555555,0.6552322821885721,85339.92,1689.9052204284474,8419509387.36,253068727.4753142,-586.45,2.8684109246288347
2.3,20,260.725,3.9754285710999144,1.6125094517958416,0.10797915855241225,6.8370047554347835,0.5840459072160973,74267.57,1721.8171473746625,6695611772.36,230724484.42909813,-559.5,2.927966248198351
2.35,20,217.305,4.523677467369059,1.8141718424626523,0.12647523469747382,8.664454228723404,0.5024921076515461,55366.05,1787.7118436462606,4337381109.48,213037799.95955876,-522.12,3.17317605877149
2.15,22,407.445,2.041929543243644,1.0274444081902658,0.08595631443819594,1.594716485681338,0.3673457119365533,167670.89,1410.4579327376177,28905310175.72,406955609.46945816,-782.33,2.4032414569060174
2.2,22,380.445,2.9769760630519584,1.4091030325797418,0.09539394409206106,3.312595769158527,0.5276396495309933,148265.65,1889.4649720250115,23403602891.56,481107248.68481797,-747.54,2.8798763172165773
2.25,22,350.515,3.923901210503986,1.409808631772268,0.09660519512544889,5.627222015610652,0.6913170177237955,128988.81,2239.1685948843487,18633648286.44,501947514.15413296,-717.42,2.9460653863534705
2.3,22,294.28,5.091562828356351,1.6662088143854772,0.1116903623009354,9.268614444843696,0.6826271274828171,96918.54,2551.398731733386,11984054594.16,470025362.78572875,-666.84,3.27395217158735
2.35,22,248.64,5.413039613567751,1.5186018130188672,0.1051589252921588,10.25309512924213,0.594978337586403,73483.72,2409.7018823014373,7710923560.0,376675025.52270216,-627.38,3.1935197039389824
2.15,24,480.415,2.1178865931832207,1.0750507406405867,0.07303789985027065,1.441551820897933,0.1779465801307748,232583.79,1892.8800947062962,55521260359.32,800798899.7177095,-924.23,2.681768485868025
2.2,24,455.005,3.1915617818901305,1.37288190857438,0.08690692093175999,3.199242404513889,0.4565273848407268,211083.63,2542.6975720045325,47129508772.44,950758905.1635265,-890.93,3.1010417518730415
2.25,24,402.815,4.84322225813528,1.668611111111111,0.10749248429359858,7.2036001350308645,0.758062812252449,171595.79,3222.1652838877,33577316050.04,959330815.0516262,-840.3,3.496458882344374
2.3,24,345.565,6.305931913215719,1.8182169909157744,0.1204461145598988,11.946317010114733,0.8676109819477715,135241.65,3675.1859078259613,23666120262.12,938818827.197591,-796.99,3.7309466041541204
2.35,24,298.545,6.4857958080832345,1.5665800261556257,0.09903838409419155,12.36864138223995,0.7009637334813539,105871.31,3481.5841612031504,16033093036.76,781845822.6566802,-756.54,3.538445382495236
2.15,26,562.765,2.577818095990553,1.2767764760097413,0.09205378203141552,1.8197225643319113,0.31982327206995215,319349.23,2606.3940128476015,104687677005.4,1482994179.5812957,-1084.19,3.166112512297235
2.2,26,534.395,3.5772529476037462,1.212560027385202,0.0900693277668784,3.424646298413125,0.5950289999378946,290671.15,3209.4216224778575,88589297279.32,1588426975.4031787,-1045.76,3.157219325471986
2.25,26,477.32,5.619559043885432,1.7189509825407263,0.11738569782091468,8.26344352399737,0.9427680534309367,240403.08,4372.770219879734,65403894195.84,1817553683.6151562,-992.6,3.844542908158949
2.3,26,397.04,7.225225890693712,1.9950084450956926,0.126453870814568,13.363312580396192,0.9301719363594853,178418.04,4908.862257131396,41423634846.24,1684755348.893071,-926.9,4.233803067013024
2.35,26,330.115,7.4719033520676295,1.7646316172944998,0.11858602982820236,13.987294960971925,0.7997755328255395,131196.13,4541.280382297366,25420520634.28,1352477511.9301052,-873.14,4.068415857295303
2.15,28,659.31,2.676702946481326,1.068052670500326,0.0737678464173961,1.691732261509255,0.44066772664931864,437541.26,3093.56525880267,195251296239.92,2414569245.049522,-1264.88,3.1185300005190357
2.2,28,612.735,4.305338346667081,1.3339357132315737,0.09920969864598116,4.277220416859926,0.7798558488986386,382821.53,4384.4212525670655,154203185477.96,2875685356.9631376,-1209.53,3.5661964400836896
2.25,28,554.065,6.402830577802606,1.6560044343663392,0.11113689598418747,9.24977651643991,1.1552758067941442,323304.63,5648.542713062979,117224565387.48,3092958497.570166,-1153.28,4.0637632367856495
2.3,28,475.11,7.514322461390373,1.596032560472204,0.1087980478113797,12.462970219609586,1.0364092937785254,248202.74,5989.854935405697,75884277974.0,2749753966.0180926,-1086.72,4.078156058589596
2.35,28,367.56,8.853272178332796,1.8072582247022846,0.1241010079985647,16.932048632218844,0.893049304004549,166295.96,6093.991671331418,42434859481.28,2389074224.5609465,-1017.85,4.433973554459818
2.15,30,752.115,2.7744063295762085,1.186947899765639,0.09083641286030918,1.5832334754521964,0.18106006846729758,568740.53,3938.5412324522863,329639647846.76,4111982225.544896,-1447.6,3.5223510958918585
2.2,30,700.06,5.248567052914917,1.4082145087235993,0.12478431184800046,5.537351717171716,1.1576385307563533,501047.96,5690.31609052948,263936258659.04,4746449996.293948,-1385.76,3.925865736531188
2.25,30,630.325,7.375694903436021,1.821630485596708,0.13142728756273317,10.692189814814816,1.3267862037098206,418961.29,7422.103017986525,197453570294.92,5327137101.660052,-1321.81,4.566579425890501
2.3,30,517.56,9.18421131625621,1.9011546943919346,0.13083898080778253,16.21807072463768,1.1683924778434083,301439.76,8150.71583838455,117306894128.16,4756397017.937361,-1233.65,4.7688637977741655
2.35,30,418.04,9.500398398955873,1.6152507217946779,0.10528286605392713,16.984746288416076,0.9000733434401297,210680.18,7507.594795921341,66819143043.44,3646672159.7903852,-1164.01,4.491239230875846
2.15,32,855.535,3.280583532719292,1.12957375608437,0.10287022188791113,1.945582201580669,0.43033628243530525,736223.53,5038.179483978707,552127684083.88,6644390974.066164,-1648.52,3.6652435236797007
2.2,32,797.6,4.9831721648052865,1.3760394942858984,0.10298360569718533,4.387073863636363,0.8188902440398502,646048.96,6785.3362986514,435703607716.0,7654869937.766652,-1575.59,4.139474471377932
2.25,32,714.885,8.208443123650484,1.8009953703703705,0.13178536952487024,11.639247732204861,1.3913965529656354,537877.39,9493.572916565043,325183226828.44,8687079796.099794,-1505.4,4.843350452450691
2.3,32,582.64,10.893889037515242,1.8691878655186671,0.11866584494732862,20.055057065217387,1.426051687489554,386703.04,10626.447169846626,194482232471.2,7653281465.174343,-1403.71,5.043841037341504
2.35,32,441.705,11.080685811028365,1.6700528908725665,0.12224585680798411,20.307256887882314,1.0271774295478076,243970.69,9489.67611605067,95363395923.4,5736377064.487212,-1319.21,4.871245900860911
