Temp,N,Q,Magetization,MagErr,Specific_Heat,SP_Err,Succeptibility,succepErr
0.45,32,2,0.125,0.01837453420879097,0.009741030092592593,0.0015252904729985528,0.00029161241319444444,4.818961275874e-05
0.5,32,2,0.3725,0.03084820067447187,0.02259287109375,0.002070849264425246,0.00073973388671875,6.811155265916883e-05
0.55,32,2,0.77,0.047608493751980986,0.04235537190082644,0.004036729617876784,0.0016017400568181818,0.0001586567412488131
0.6,32,2,1.615,0.06885209456371552,0.07020399305555555,0.0060456224824110465,0.0030709228515625004,0.00029779285114140617
0.65,32,2,2.66,0.0910488752073407,0.0922235576923077,0.007214322532978496,0.00495703125,0.0004975900638847092
0.7,32,2,4.2325,0.1241393003379869,0.14453902264030616,0.010740513041784474,0.00855670166015625,0.0007582511050626388
0.75,32,2,6.5875,0.15757491378926633,0.20597899305555553,0.014802396695397603,0.012867635091145831,0.0009141365427414284
0.8,32,2,10.53,0.20183827394062612,0.24338973999023425,0.01828260121786086,0.019792602539062502,0.0015483831016050518
0.85,32,2,15.0875,0.2792652274804879,0.33874482996323535,0.02554155175147523,0.03566158519071691,0.0031361378953631853
0.9,32,2,21.6075,0.3281713247134902,0.3727863377700616,0.02569046929854676,0.046509813096788206,0.003931412709121546
0.95,32,2,31.2625,0.47846336278517904,0.5184268687240305,0.040784131218564675,0.09366117778577304,0.01020745841438154
1,32,2,44.625,0.690573977946944,0.7375739990234373,0.04825858817738189,0.1853558349609375,0.016788339124964843
1.05,32,2,66.18487394957984,1.128192136630174,1.0073596154036735,0.07603387587063556,0.4202509084866439,0.04272753257479959
1.1,32,2,111.37209302325581,4.801817606027725,1.5270589118140694,0.24043431768979745,1.7197213289431637,0.39051489898330655
1.15,32,2,629.5384615384615,81.86257245671408,1.3066478562879613,0.39242929689059125,63.036503891175705,16.383926155799042
1.2,32,2,534.5757575757576,33.02615057322918,1.5223006182404857,0.507936840733156,27.54360155771733,5.388927538817304
1.25,32,2,491.4230769230769,19.046238606073445,1.1639820636094675,0.21120892566762037,14.17573155510355,2.458146262026194
1.3,32,2,518.6050420168067,8.424932718316356,0.6878219004274172,0.07730518415369116,6.2388799198978235,0.7536615070504609
1.35,32,2,500.3259259259259,6.537030846731203,0.5864663245778928,0.07364242967804692,4.1115272379718535,0.5110923743191811
1.4,32,2,504.42396313364054,4.483162265617487,0.5117830973891818,0.04776611953168078,3.0143154013733113,0.29526318390253475
1.45,32,2,504.89102564102564,3.405565642727151,0.4128740615613965,0.031720917539517474,2.4214568630321334,0.2211246055887401
1.5,32,2,510.45045045045043,2.846824458465705,0.4046011101191282,0.03382116617585741,1.74647388097557,0.1319630010219943
1.55,32,2,512.4,2.4550967042588403,0.3703679435483871,0.024852026136794114,1.5114415322580645,0.10642897832326823
1.6,32,2,515.015,2.2445479338085725,0.3311879634857177,0.021809661658344547,1.2238371429443358,0.09409434367861853
1.65,32,2,509.88,2.208934804071205,0.28239063217401283,0.017710565523453677,1.1493907433712123,0.08215530465004522
1.7,32,2,511.87,2.0257313593562483,0.2715197796145113,0.017345677105563586,0.9382112247242648,0.06681727087608255
1.75,32,2,508.51,1.9201952908723063,0.23308863998724486,0.016041176483203537,0.818914564732143,0.058251385528894764
1.8,32,2,510.2475,1.9861716549946118,0.21028006094473378,0.014660772090090696,0.8518181660970052,0.06294432100641095
1.85,32,2,509.545,1.7748912482804953,0.21886395606966758,0.015061237343367794,0.6618470096072635,0.044403924514462435
1.9,32,2,510.52,1.7978291764101932,0.2239022396013677,0.014603239495617544,0.6611942845394737,0.040794744037166916
1.95,32,2,510.2975,1.732153431339616,0.200954084227071,0.015049882545804564,0.5980313470302484,0.04401390979238075
