Temp,N,Q,Magetization,MagErr,Specific_Heat,SP_Err,Succeptibility,succepErr
0.45,32,2,512.05,120.47701761270977,0.009837962962962963,0.004779991595711983,568.5558756510416,7.046061580818801
0.5,32,2,512.3,120.41817948357517,0.015,0.0015285739236921144,511.2006054687499,6.335752371941858
0.55,32,2,511.85,120.28897051098572,0.06443698347107438,0.02624737941996108,463.7310502485795,5.7662512922748235
0.6,32,2,460.7,119.66951490577685,0.033935546875,0.00763570989262231,420.7199055989583,21.595122686534385
0.65,32,2,563.2,119.05704305661658,0.06712278106508875,0.021745074845831283,384.391766826923,19.734458126938396
0.7,32,2,563.15,118.6917438384055,0.0824298469387755,0.022731900308642368,354.74822474888396,18.21430713618187
0.75,32,2,462.8,118.2308085894831,0.18157986111111113,0.07770535763729808,328.53171875000004,16.887826370380633
0.8,32,2,462.05,117.58937132797112,0.2577362060546875,0.083501095995789,304.66558532714845,15.695981162640566
0.85,32,2,558.35,116.25945944892972,0.5843831098615918,0.17296762415212932,280.29472369025734,14.473864913511866
0.9,32,2,610.45,112.81741862229579,0.6263985339506172,0.14876021030840322,249.27978244357638,25.481624098778525
0.95,32,2,509.6,113.14071840263709,0.33304838988919677,0.09790666183389289,237.51525493421053,3.6465768619188683
1,32,2,609.6,110.05758754478174,0.40721679687500006,0.09207608821557257,213.50951171875,21.809524447522787
1.05,32,2,469.3,104.14681997451159,0.5578497023809523,0.1879241109552857,182.08743489583333,9.744099077080778
1.1,32,2,432.45,92.12136626149034,1.7905071668388426,0.6008254991358499,135.9894775390625,15.54099449455727
1.15,32,2,487.5,77.41192833277984,1.4567211129489606,0.5324864547158283,91.85338824728262,12.972263008602086
1.2,32,2,445.05,44.194011639813205,0.8889092339409722,0.3635622949534925,28.689491780598953,6.388389961167955
1.25,32,2,522.45,29.65811422886131,0.40606875000000003,0.12824442681394044,12.403787109375,3.216003046262265
1.3,32,2,514.7142857142857,23.026978921294866,0.5586135619188503,0.2384541055661358,4.80827487244898,1.7506833618572268
1.35,32,2,543.1,20.42175673511335,0.2175282921810699,0.11422045360572987,2.4436414930555554,0.9052101229251719
1.4,32,2,481.5,12.186341748357293,0.23965640943877553,0.06865013478163656,1.8698032924107146,0.6508710626460185
1.45,32,2,469.90909090909093,12.119780976118777,0.1419993907292578,0.0647673218538822,0.8993503312909661,0.31324672328816155
1.5,32,2,513.1428571428571,10.277885027325432,0.31200396825396826,0.16201710391365745,0.35368835034013607,0.17638909545648426
1.55,32,2,502.5,17.34992795374086,0.044441553936871304,0.03136796744144122,0.7902280745967741,0.426963398105685
1.6,32,2,475.5,33.31499495555849,0.23994445800781244,0.18757933370877966,1.524200439453125,1.3759184463591358
1.65,32,2,496.4,22.48777445635739,0.10479797979797979,0.06691013476876444,0.9577651515151517,0.7287899699890382
1.7,32,2,516.8,23.214758236949184,0.5262759515570934,0.3681638813915235,0.9906709558823531,0.9353036085128668
1.75,32,2,542.6,8.11326075015465,0.24540816326530612,0.11853066116703453,0.11754464285714283,0.09494958133772677
1.8,32,2,504.4,10.873231373139571,0.09770447530864196,0.03380075485271143,0.5195529513888889,0.1481393004167304
1.85,32,2,532.1428571428571,14.376733849886664,0.060887210983736076,0.0426923558565126,0.5611167608935466,0.41089517476346316
1.9,32,2,503.25,20.28888584641572,0.20687705592105263,0.11111201755127612,0.47604209498355265,0.3627708087994991
1.95,32,2,514.75,17.115156190598167,0.015007987138395793,0.009561024789114574,0.8985314002403846,0.38435070051525877
2,32,2,545.0,21.84605227495348,0.027500000000000004,0.01184335708972951,0.745703125,0.5400567415734117
2.05,32,2,525.5,21.590275588792274,0.0531884129816908,0.035143570464248236,0.9252334222560976,0.8539803592542292
2.1,32,2,515.6428571428571,5.971933510706362,0.02052186733536953,0.010445545919009022,0.20020243030247814,0.06961338690372117
2.15,32,2,519.4444444444445,11.357969546632102,0.09566816230328039,0.031434993983293594,0.416677881854723,0.20093845406946811
2.2,32,2,500.375,13.37365289802057,0.07440235989152891,0.031903729797110494,0.48627679998224427,0.22056700207520033
2.25,32,2,491.2,8.626992523469577,0.016049382716049384,0.010182645733038237,0.10336805555555556,0.08383705577109503
2.3,32,2,508.6,7.815049583975779,0.07248345935727789,0.05061761669981843,0.08298233695652174,0.026791320010396358
2.35,32,2,515.0,14.66287829861516,0.039379717482284894,0.017687035007733037,0.45948898176291797,0.29855937563107376
2.4,32,2,493.3,7.0379044299728895,0.00982666015625,0.004887310770293977,0.16325276692708335,0.07835609316917651
2.45,32,2,482.25,5.110014177862828,0.04595049914098291,0.03314863618390313,0.06375059789540816,0.05955248481871197
2.5,32,2,516.0,7.441438033068608,0.05335,0.03706981542738394,0.06921875,0.039475879716885307
2.55,32,2,525.75,7.766358640354711,0.057585649149365634,0.03164149177474907,0.1414818857230392,0.06955059031736492
2.6,32,2,499.75,5.44639929734525,0.031339205228365384,0.017696642896040494,0.06824199969951923,0.04069440711353558
2.65,32,2,506.2,6.48459713474939,0.015886436454254183,0.007497712692399857,0.049587264150943396,0.02268396519154031
2.7,32,2,525.1428571428571,2.8715904558330627,0.03363742616388119,0.022487320096739146,0.015338600718065006,0.006960133457104449
2.75,32,2,538.2,8.539613574395506,0.01665289256198347,0.012086040810965905,0.08286931818181818,0.07735992107184839
2.8,32,2,511.8,9.920937455704475,0.02479272959183674,0.010205854108682579,0.10984933035714288,0.042666561007346705
2.85,32,2,545.5,4.240283009422869,0.016631720016415306,0.010887898261547844,0.02567045869883041,0.012434023196070265
2.9,32,2,508.0,8.304215796810672,0.01895323441009381,0.013698256986826904,0.09675826149425287,0.05371837945124337
2.95,32,2,525.6,14.549914089093447,0.036878770468256244,0.028083359872258143,0.22425847457627118,0.14334994084611036
3,32,2,526.2857142857143,8.559316839672713,0.052880527210884355,0.03139203388182215,0.12264827806122447,0.05517542512543273
