Temp,N,M2,M2_err,M4,M4_err
0.8,10,9998.02,1.400067029560981,99961184.08,27446.914047510585
1,10,9979.29,5.201359569233844,99596996.52,100469.1373750734
1.2,10,9948.58,7.0887443470427565,98994243.76,138380.33766990397
1.4,10,9837.51,13.296377818983839,96846967.32,255929.25852174353
1.6,10,9577.46,28.033296056270487,92040516.56,507407.7839468911
1.62,10,9561.43,25.791569465535463,91685696.92,468602.495198925
1.64,10,9586.35,25.030051849341948,92147456.28,459327.4615673477
1.66,10,9478.53,30.174617558500884,90204915.24,538289.9911654437
1.68,10,9422.11,34.90833011057584,89261159.32,610329.8612148169
1.7,10,9442.64,30.455140072109273,89532603.68,547286.3436009915
1.72,10,9374.2,32.207240623470796,88288476.16,573641.6870251001
1.74,10,9366.28,32.09600181023397,88137204.64,575378.6277571664
1.76,10,9305.4,35.13448369512858,87081776.16,610454.2833963807
1.78,10,9222.34,41.870020866608996,85749292.72,697101.3880494324
1.8,10,9180.76,42.91157962082501,85019237.44,721741.3029080541
1.82,10,9181.03,42.7054378433434,85017170.68,700599.8540624285
1.84,10,9057.7,40.40084547566515,82691560.24,687210.7443705384
1.86,10,8963.35,50.628256194037334,81361811.32,826573.3891392325
1.88,10,8861.75,58.51763997737172,79838710.0,864356.2633288543
1.9,10,8915.75,44.941030269198095,80294442.2,756875.3463717415
1.92,10,8728.33,53.700548871164465,77331483.88,854864.7753326269
1.94,10,8764.12,53.35184599650106,77942681.44,852442.264683532
1.96,10,8488.408163265307,79.9694649162735,73920468.57142857,1117354.5188403684
1.98,10,8482.39,65.38864789200755,73652669.56,985766.992955971
2,10,8449.22,66.43940595460738,73146179.12,959612.5372898844
2.02,10,8311.35,74.10155007399251,71263986.36,1050763.168812378
2.04,10,8041.69,76.9225805271357,67023792.04,1077210.9927902156
2.06,10,8010.31,77.84254361270307,66576747.16,1065618.7172500952
2.08,10,7890.61,87.49207014668937,65308380.52,1147832.2081684405
2.1,10,7817.95,87.12263264870482,64141321.72,1178024.367785174
2.12,10,7610.24,93.25272467253993,61376810.72,1195718.997828119
2.14,10,7537.12,99.84548543526158,60775912.96,1237901.3964649392
2.16,10,7254.27,98.77207834469715,56507315.16,1216462.5509071709
2.18,10,7146.24,100.4986418625885,55088562.24,1204907.4708365262
2.2,10,6873.65,115.49967268182264,52556487.08,1304286.9140984372
2.22,10,6713.17,115.6335083337488,50388385.96,1312910.639388123
2.24,10,6448.51,113.79252883304171,46736911.96,1267885.4795787458
2.26,10,6234.08,122.21002039056519,44808035.84,1300273.0411320548
2.28,10,5843.45,126.84823115449473,40549956.68,1312632.838545244
2.3,10,5690.72,138.9204945458941,40065306.08,1397740.77724297
2.32,10,5685.27,132.3857608608568,39297682.68,1328769.7193993616
2.34,10,5495.68,128.42960356099695,36767216.8,1278064.4863663996
2.36,10,5019.39,129.0184636146806,31819331.64,1232774.7012430322
2.38,10,4852.49,137.7407641625091,31097768.84,1311097.5276848879
2.4,10,4459.85,133.0608142460135,26936968.04,1197442.3473998026
2.42,10,4539.22,134.7780291170679,27834280.24,1227762.2460780896
2.44,10,4135.45,130.47545272404588,23877479.08,1123867.4289389483
2.46,10,3888.49,131.81050854541718,22035253.96,1119157.033741751
2.48,10,3678.54,128.95614671012413,20150313.84,1090071.8300159432
2.5,10,3589.6,125.25761329859692,19129676.32,1041800.3420518097
2.52,10,3117.397435897436,147.28051323184874,16442616.666666666,1149268.8020435837
2.54,10,2955.22,122.26960424821179,14683405.36,918699.9164993841
2.56,10,2940.67,121.39667306688078,14512963.48,932219.3376853109
2.58,10,2883.78,121.98143644214788,14238253.68,936695.994872149
2.6,10,2674.38,114.50149281597326,12370356.72,833527.7352018787
2.62,10,2741.05,117.15962290863153,12976487.56,890481.6667448742
2.64,10,2368.95,108.95790088689027,10336939.8,767281.8125298644
2.66,10,2381.57,108.21203525528901,10332423.08,727809.1048123676
2.68,10,2156.2,103.48071251543385,8911111.84,693959.8188185932
2.7,10,2069.06,98.13245076478869,8113764.56,622199.8787473171
2.72,10,1954.75,98.57406604142423,7688376.76,634849.1645352152
2.74,10,1921.52,98.3126988190141,7539087.2,601404.3272241042
2.76,10,1804.05,94.21281383049742,6787288.2,588240.6271386546
2.78,10,1748.75,89.74868065596797,6263967.32,528316.2684460107
2.8,10,1567.25,87.35397521980506,5493317.0,494136.43939524936
2.82,10,1612.17,88.33368587521471,5704641.96,532450.1872196584
2.84,10,1744.26,90.67928485841036,6315111.12,559316.2810274756
2.86,10,1406.61,74.68281478596073,4198419.72,402197.19641961326
2.88,10,1233.33,73.88600181657773,3693854.76,413908.78754925536
2.9,10,1306.07,74.77739856776252,3931313.24,361128.4180233845
2.92,10,1390.25,80.03138839227675,4482010.28,440102.3111787696
2.94,10,1186.01,63.78354549569034,3025829.48,301879.61831733794
2.96,10,1260.38,69.90100753802685,3533258.0,356965.15687814873
2.98,10,1051.58,66.52389981276461,2867152.4,334682.94881301664
3,10,1157.71,73.50927755457953,3490944.28,402819.8311571971
3.1,10,1002.91,60.28515834728996,2452289.08,273013.0212579475
3.2,10,786.66,50.17637610635451,1620872.4,205589.13410237676
3.3,10,811.18,52.2557746306459,1744824.88,204696.0419862407
3.4,10,682.33,43.085780108814774,1204419.88,144393.14301324004
3.5,10,686.97,43.04632384502033,1209420.84,147509.4201804692
3.6,10,582.77,42.556379378952286,1060421.48,161967.41966208554
3.7,10,474.95,29.388199625391856,569318.84,65663.36931923343
3.8,10,493.91,33.48886817745886,690308.6,101572.80517652855
3.9,10,461.54,28.51308065817406,536593.52,69936.6199310862
4,10,466.79,32.20140074571474,630593.72,84722.304331801
4.1,10,419.84,26.522669538002944,456241.28,57272.58181420226
4.3,10,385.55,26.357487313003997,425147.96,56095.83259132848
4.4,10,314.76,24.37122538785452,335470.08,69044.68105116113
4.5,10,342.97,25.40653604475635,374535.88,67316.62531581661
4.6,10,298.57,21.647627067760457,275655.88,41884.50201119107
4.7,10,303.64,19.54735232187043,244273.6,34698.01860125117
4.8,10,287.64,19.278914277006084,230664.96,27314.670072043904
4.9,10,325.35,22.662060339652925,310254.36,44888.4126971679
5,10,268.64,17.21487973296867,190116.32,24736.24706992702
5.1,10,240.06,16.478000987818408,165696.24,24233.474537838832
5.2,10,279.57,18.365434260329977,212401.32,27818.97292605181
5.3,10,251.69,17.2785454971373,182170.76,26568.200268773497
5.4,10,235.51,15.50789705318287,151182.52,20081.191860906347
5.5,10,276.81,17.4161007929621,197346.12,25056.89060431084
0.8,12,20734.57,1.431790858561197,429923209.0,58560.24611509098
1,12,20710.26,5.943757351688762,428928930.0,243099.67568406186
1.2,12,20617.53,13.382743271695295,425153824.68,543532.0453332012
1.4,12,20393.59,25.23136758907429,416151890.2,1006864.5558170065
1.6,12,19821.67,48.8357993524749,393847811.8,1860790.0826987626
1.62,12,19835.99,43.813791706101284,394230524.12,1689235.127515322
1.64,12,19749.94,53.1338609726784,391183773.52,1977397.6304203623
1.66,12,19699.39,51.55353132102328,389123764.12,1968914.0922144128
1.68,12,19541.67,54.66479351008,383066193.24,2066486.5603746478
1.7,12,19474.48,56.46413454761274,380524282.24,2119856.8915024246
1.72,12,19318.11,61.69413271348442,374704237.56,2275703.54136392
1.74,12,19277.84,61.50178733002606,373140547.52,2258430.5728511596
1.76,12,19231.51,64.72010025730143,371518086.52,2373532.8394908374
1.78,12,18991.9,73.63114297920683,362850054.16,2628560.6782734506
1.8,12,19073.0,71.996545862911,365842376.0,2591357.9052599743
1.82,12,18854.96,79.68456412387634,358036685.12,2801971.792029327
1.84,12,18745.65,73.38494659837306,353542776.84,2639718.2410018747
1.86,12,18545.61,89.16445835387306,347103889.8,3030750.862030434
1.88,12,18430.76,90.10758176399703,342924446.24,3057407.824521439
1.9,12,18102.96,107.25803290349634,332295895.2,3443267.0825759303
1.92,12,18282.52,89.61613912617874,337446916.48,3111862.64855352
1.94,12,17759.21,124.41543229728818,321550300.04,3819108.3282506857
1.96,12,17842.42,107.04184100342468,322912246.48,3422425.057375249
1.98,12,17493.41,111.83811683908465,310997514.92,3583709.764709786
2,12,17309.4,120.05723850191477,305352033.12,3709466.7823295505
2.02,12,17220.78,122.7190186644907,302549164.56,3771752.763475149
2.04,12,17144.63,120.86959623952266,299752939.16,3848244.424641858
2.06,12,16609.23,130.4375527074608,282638117.88,3935402.5443927343
2.08,12,16123.5,141.46610260702514,267932340.24,4136007.941290176
2.1,12,16212.67,162.29051178368752,273333342.04,4387718.870774591
2.12,12,15534.9,177.5815998431709,253884216.24,4658901.258157699
2.14,12,14781.07,209.87541827393167,236011121.56,5267663.2264125245
2.16,12,14739.17,187.28951212226534,231204009.8,4780355.240632852
2.18,12,14456.34,205.97272775568197,225870928.56,4935874.075747504
2.2,12,13962.68,212.89868106553553,212996233.76,5033722.018044701
2.22,12,13659.45,219.26881565502927,205716062.28,5068768.2596841715
2.24,12,13183.51,229.65112381688746,194795443.96,5091333.048437623
2.26,12,12352.94,244.32975181645585,176354692.88,5275397.837210429
2.28,12,11829.9,260.1140289268283,166875107.76,5324303.822338831
2.3,12,11284.81,261.76893948583427,154619253.16,5329014.651625628
2.32,12,10429.06,263.72086032875075,136445845.84,5218958.4094304
2.34,12,10383.61,258.262825201601,134365998.76,5012603.008360628
2.36,12,10045.14,267.8659585664433,129462381.36,5031182.617228474
2.38,12,8516.65,262.1780706677554,99890960.68,4664241.572292994
2.4,12,8462.55,260.9158210813251,98709594.84,4611314.42119193
2.42,12,7372.89,260.5129145442801,81370734.12,4357116.491772186
2.44,12,7312.9,254.1571287242773,79187814.64,4176867.7868572553
2.46,12,6767.19,254.11612718685114,71495874.36,4130265.226592084
2.48,12,6542.14,257.4622373802831,69181909.36,4111839.7574674813
2.5,12,6149.63,237.12357195607748,60196669.88,3574284.599728704
2.52,12,5602.051282051282,254.42640596923002,51450352.820512824,3667154.5440458446
2.54,12,4967.072,281.0126779535514,44256215.168,3987645.3265642934
2.56,12,5129.741496598639,263.6923620540727,46618313.57823129,3802775.007317379
2.58,12,5052.12012012012,250.59969869354418,46310975.47147147,3580140.107402471
2.6,12,4494.642642642642,232.4348805065642,38084572.01201201,3199538.5728536355
2.62,12,4279.24358974359,232.89743560523303,35126876.35897436,2995267.044338663
2.64,12,3918.98,186.47555208270774,29198197.52,2337960.905447018
2.66,12,3686.0208333333335,195.5439916685264,28193556.083333332,2397879.5923715625
2.68,12,3914.8645833333335,187.90903237989167,28814601.958333332,2178507.5711624753
2.7,12,3226.72,171.12750565312527,22067075.2,1933629.7921608146
2.72,12,3016.12,165.2666542055379,19967648.8,1879557.7124547155
2.74,12,2775.68,151.50135840267004,16839616.16,1661416.5317958372
2.76,12,2689.44,154.0105307719928,16673405.76,1698744.4982542072
2.78,12,2619.11,148.10562380710826,15590031.8,1599594.3681163094
2.8,12,2400.33,138.14759475901633,13357365.48,1402149.4286570526
2.82,12,2369.54,141.36944493971475,13568927.12,1516478.3986633238
2.84,12,2418.52,138.2997886440827,13461765.76,1333798.7132410381
2.86,12,2032.07,118.48087075852719,9716354.84,1029891.1300929941
2.88,12,2196.81,124.99497481899719,11044263.24,1088261.6442847555
2.9,12,2186.77,126.2244190272588,11123179.24,1136971.2304063935
2.92,12,1986.36,125.35592688360094,10199880.48,1116976.6781777611
2.94,12,1725.66,102.79089802741244,7183184.4,739268.3235166585
2.96,12,1672.18,98.82536182261626,6683258.32,691510.0801894478
2.98,12,1643.48,100.89690294036966,6752765.6,731162.2845438407
3,12,1743.22,108.14575490335352,7693655.92,872167.2804551476
3.1,12,1440.51,86.14602577264463,5028700.44,537938.391572051
3.2,12,1245.35,79.51233038560748,4067152.28,533851.0489586017
3.3,12,990.8,63.89102914438068,2606356.16,335702.21151871426
3.4,12,1028.48,69.51871602716868,2981258.24,468672.7109924446
3.5,12,935.4,57.49314873634645,2190555.36,278475.9303975779
3.6,12,826.81,56.548206624874446,1956307.24,286363.8073174317
3.7,12,831.25,56.841230881341524,1976893.0,285010.9025992241
3.8,12,685.54,45.3902895583521,1289961.04,163362.13326466666
3.9,12,654.11,46.23819482567479,1278777.56,182896.03033370516
4,12,632.31,43.085438754810426,1138649.88,172775.93225259887
4.1,12,546.51,39.87817894976543,931604.28,148870.59494978568
4.3,12,515.6,37.69828272413075,831468.8,151351.7456573224
4.4,12,506.09,36.29288656875291,780365.48,110573.69902223675
4.5,12,495.71,33.02527238573381,679817.24,92471.72059670839
4.6,12,461.81,32.3615934084699,630085.64,97915.90340943934
4.7,12,415.24,28.10784718808144,486866.56,66414.71335258418
4.8,12,474.3,33.30940441730439,666550.8,95686.60525947537
4.9,12,418.99,29.894978050291897,531251.32,86788.29979561403
5,12,440.35,28.751781716153154,522922.84,67660.88923345729
5.1,12,388.52,26.139914480554314,422900.96,60231.41051730429
5.2,12,399.4,26.845700846632678,446357.44,60597.98989970921
5.3,12,409.63,26.991841392574983,457765.24,66786.39236990649
5.4,12,362.98,24.03327653306339,361640.08,50497.70804574023
5.5,12,337.49,22.335932959448254,312460.52,39893.269335486046
0.8,14,38408.2,3.8901764458316936,1475195850.4,295855.6990581404
1,14,38357.56,11.336972587242649,1471353563.2,859235.4412423971
1.2,14,38186.32,21.798159856221087,1458384149.92,1646716.9411421118
1.4,14,37718.36,41.905995544927436,1423373618.24,3105767.546027137
1.6,14,36906.0,64.03513460756912,1363684844.64,4642219.113139651
1.62,14,36749.28,74.89200029018627,1352741901.6,5334170.132965318
1.64,14,36552.43,75.81233850208204,1338367662.52,5424316.101561328
1.66,14,36523.09,78.54266371807077,1336391360.68,5602924.737240254
1.68,14,36406.8,86.58412788112344,1328438835.84,6108064.40312098
1.7,14,36144.68,94.10480790125514,1309962488.96,6512367.038708811
1.72,14,35963.51,92.7110417653396,1296795017.24,6435085.546754041
1.74,14,35850.18,90.29039563821271,1288480063.92,6317855.331332447
1.76,14,35582.76,109.92795187326215,1270942332.96,7514255.20376999
1.78,14,35442.91,119.55445006137568,1261888625.08,7840373.1148727
1.8,14,35360.09,111.75047953845134,1255306287.56,7602912.184711176
1.82,14,34969.71,132.73438196422742,1229892791.16,8645420.359994357
1.84,14,34706.0,128.53406933028347,1211081838.08,8481030.967927342
1.86,14,34313.47,136.1794891263479,1184795121.4,8936206.238272877
1.88,14,34196.71,133.8820451828791,1176548931.64,8801301.526538359
1.9,14,33853.41,163.8618167476608,1156740012.36,10236708.726119872
1.92,14,33441.33,159.192017961151,1128408770.76,10009919.550315093
1.94,14,33145.356828193835,276.93709381261647,1115871201.7621145,14984391.572551584
1.96,14,32931.94,174.00788334493322,1096563687.76,10611366.555342577
1.98,14,32673.01,169.4029165391927,1078947198.76,10472736.565128699
2,14,32281.75,192.48927991551605,1056858220.6,11458206.518235488
2.02,14,31601.87,206.86542052906526,1015710028.76,11915611.250851352
2.04,14,31013.71,229.44981900589733,982803932.92,12656480.950406767
2.06,14,30550.56,230.4598777309154,954475327.68,13129029.144718502
2.08,14,30041.66,257.2505528354216,928840284.08,13318788.205202641
2.1,14,29617.06,277.90351295693364,907908120.4,14333802.099289028
2.12,14,28511.94,302.8456690551393,849433720.56,14794873.228316553
2.14,14,28176.19,301.4567409547253,830066624.44,14769840.227467448
2.16,14,27590.73,319.8703804473963,801970827.72,14875880.451286493
2.18,14,25874.59,365.1487293797187,722561511.64,16121600.216188664
2.2,14,25284.61,377.632615702096,696069203.56,16184024.121831857
2.22,14,25260.34,367.09346129092626,691718642.32,15749197.268490845
2.24,14,23054.16,413.96686741700813,599699411.52,16384092.327319786
2.26,14,21874.97,440.9137203137062,555887952.2,17038838.953997474
2.28,14,21010.79,448.5950600986683,521546335.64,16728109.778743435
2.3,14,19275.06,448.60099429625524,451623096.24,16404721.856507244
2.32,14,18580.6,458.66145898166525,428966615.2,15983339.474812726
2.34,14,17714.08,479.62532763157054,405345306.4,16331874.67782512
2.36,14,16769.76,462.33515687342134,366299396.16,15267863.049601901
2.38,14,15411.38,445.3163787784005,316437186.8,13941929.399324825
2.4,14,13339.77,475.19734323184605,267823409.16,14351589.847725479
2.42,14,12704.19,450.23483416204874,242076089.88,12967268.832686748
2.44,14,12439.18,443.8953362534378,233156833.36,12920270.776401227
2.46,14,11106.4,444.84652335837876,202112210.56,12011465.311698765
2.48,14,10053.11,433.8390979175248,175975603.64,11742447.151332371
2.5,14,8804.05,399.33920896156087,140981473.0,9880656.336299824
2.52,14,8948.013605442176,432.26769278001825,134629347.6462585,10836411.388606498
2.54,14,8436.80608365019,463.4157642736507,127231351.96958175,10533820.101554649
2.56,14,7830.705882352941,489.46706859735235,117861371.89915967,11698701.95283632
2.58,14,5782.820512820513,347.71818355363195,70922860.51282051,7561873.499426468
2.6,14,6940.516516516516,379.3060255673631,95793184.76876877,8618326.019260475
2.62,14,5837.217948717948,359.7270200099708,74188622.1025641,7717224.5002815435
2.64,14,6020.2040816326535,369.5254071694644,76115637.3877551,8210345.466842222
2.66,14,4904.794871794872,309.66255560765853,53783498.56410257,5997857.147905853
2.68,14,5047.13,268.3773516096638,54140209.64,5060963.956007056
2.7,14,5004.5625,289.53517371569103,57069159.75,5633594.9154189015
2.72,14,4031.24,239.24699545793214,39032210.72,4470688.555040248
2.74,14,3740.21,225.66946500358344,34258127.72,3648601.8478856888
2.76,14,3422.49,214.73698344771844,30066117.96,3566292.0470683114
2.78,14,3934.17,230.6109136870984,36644021.16,4061470.0843463736
2.8,14,3612.13,215.47528597751682,31526579.56,3529388.646888063
2.82,14,3112.87,191.23015008936693,24244501.24,2821164.4242235436
2.84,14,2805.06,176.97379200893295,20333689.68,2363534.8818737604
2.86,14,2800.8,180.65783315586842,20834188.8,2418614.865096154
2.88,14,3010.63,186.82413104872458,22955476.12,2851564.3827795954
2.9,14,2797.68,167.334670640657,18971438.4,2118210.544171049
2.92,14,2631.13,169.35631180958828,18338177.8,2233378.2638736777
2.94,14,2363.67,157.36665584857047,15443175.0,2042426.392277473
2.96,14,2459.07,156.67389080868045,15816676.44,1878497.792118309
2.98,14,2331.75,148.01915334543517,14157161.4,1772865.1542806104
3,14,2318.2,148.443349865092,14144206.72,1667084.3618126605
3.1,14,2141.35,132.90575473747904,11615671.96,1495287.5828909515
3.2,14,1748.18,112.40781794292099,8085100.88,1205237.5069986845
3.3,14,1505.33,105.42945821725216,6689963.72,1087478.298580249
3.4,14,1242.89,83.1887964009224,4299102.44,511298.18526235834
3.5,14,1077.1,74.80787182559627,3387453.04,417766.73025711847
3.6,14,1140.62,78.2001723357966,3734905.52,521082.663300306
3.7,14,1010.13,74.39026095823219,3222873.0,514666.8012386606
3.8,14,985.55,66.90761586037085,2753018.36,350474.87573923904
3.9,14,844.12,59.15204576396383,2105135.2,297495.6311696148
4,14,896.88,63.27642983328118,2397958.56,322563.817062398
4.1,14,752.61,53.70317401282844,1714273.32,259602.0940928345
4.3,14,813.39,54.283273870957395,1834386.84,234525.7815480068
4.4,14,774.5,49.955616257894846,1593090.8,251564.5804006279
4.5,14,719.76,47.50831241206952,1416361.92,224775.4946377209
4.6,14,641.65,43.45179612300752,1163166.76,156989.36826539558
4.7,14,576.15,40.6346873121159,989121.72,143645.2928437852
4.8,14,592.32,39.847359769216624,982796.16,136748.24051401886
4.9,14,611.36,41.129309547983276,1047030.08,147555.19416714503
5,14,551.52,37.57050326300136,865971.84,129948.89422690606
5.1,14,533.65,41.85817335318871,982125.16,182230.56753717014
5.2,14,505.43,34.29945917090324,723690.68,101234.66156886428
5.3,14,520.2,39.78452525411933,900569.76,160479.6468852753
5.4,14,515.71,36.813011406399895,805328.92,119871.16314586707
5.5,14,499.29,37.18654856226446,799664.04,140559.50847354307
0.8,16,65518.15,6.704132292119248,4292645867.8,871885.8128561302
1,16,65431.51,16.697303885258094,4281393463.96,2164811.645495108
1.2,16,65174.76,33.889103480724124,4248206435.52,4362569.848695708
1.4,16,64433.81,65.18609581434671,4153407074.12,8258807.149203867
1.6,16,63001.19,104.98202323781919,3973536416.6,12985630.865384452
1.62,16,62787.21,108.82725936351515,3946947431.4,13266265.364959698
1.64,16,62357.46,117.13435106383251,3893913593.52,14336614.181946833
1.66,16,62301.61,121.21538613815979,3887338526.92,14848793.197795777
1.68,16,61846.87,129.04390367653187,3831662997.4,15584627.061000396
1.7,16,61567.17,136.71027784135012,3797954969.16,16485924.614460541
1.72,16,61304.01,145.728588399807,3766633950.12,17460206.591738243
1.74,16,61105.55,164.9813078373727,3744721403.96,18493583.42694479
1.76,16,61007.64,150.50400854239595,3730947474.72,17849811.97274896
1.78,16,60152.82,162.11503286362742,3628821770.64,19122407.03967522
1.8,16,60190.34,174.23657564519166,3634959742.16,20177634.933239337
1.82,16,59946.26,183.25242372456552,3606919589.36,21119698.953509677
1.84,16,59410.19,200.8827015875396,3545631612.92,22737667.720786717
1.86,16,58829.27,208.81404664791225,3478237233.56,23263489.483730372
1.88,16,58146.8,243.07926763651068,3404567335.04,25990771.530610334
1.9,16,58199.01,224.07669773385186,3407108616.36,24795206.210567057
1.92,16,56555.645833333336,290.93499315721834,3230874987.0833335,29176211.597346697
1.94,16,56370.47,274.5437716855777,3207629040.92,28681326.530274216
1.96,16,56212.023255813954,484.77065604712425,3199743364.9302325,45867016.58823732
1.98,16,55720.63,264.3817349135558,3132608067.64,27886452.70182772
2,16,54510.57,326.71483093115984,3013886055.72,31533925.30945414
2.02,16,54532.97,318.9605726941362,3014335938.44,30631706.31691285
2.04,16,52716.17,335.00545618995955,2823661865.0,32687745.5426466
2.06,16,52058.81,366.91002247032293,2763699975.08,34648131.62113484
2.08,16,51281.59,420.85108671949865,2700293939.32,36500450.759068795
2.1,16,49605.41,493.15143457895357,2557490247.56,41041755.69646659
2.12,16,48966.33,467.0552919918581,2484521996.04,39828493.09190824
2.14,16,47623.39,466.42931077777354,2354575227.16,38736479.51014757
2.16,16,46310.19,524.6106591809173,2254170490.68,42013347.09357811
2.18,16,43810.95,571.3094047522064,2049305141.4,41852950.40821337
2.2,16,42691.33,595.1844975127339,1963539888.04,42058407.57080484
2.22,16,41980.74,592.4508773761379,1902080629.2,43361462.566218786
2.24,16,39300.77,658.0101842081117,1716876611.24,44877963.780637845
2.26,16,36802.01,714.2145683952303,1557409990.28,44317793.105568334
2.28,16,34885.47,705.359739231791,1415015140.92,44359445.58684557
2.3,16,32111.14,749.8137047503637,1254890513.2,43573601.28193715
2.32,16,30632.95,769.9705654506242,1174335267.16,45061254.04404411
2.34,16,27558.89,795.8165579543817,1011556950.92,42749721.61446715
2.36,16,23351.1,740.9854694140449,763800911.28,36694114.600966275
2.38,16,22107.33,767.4030998727058,723120704.04,36795942.94222227
2.4,16,21929.95,768.3772976399318,715904844.28,37504786.0559695
2.42,16,19651.41,744.9602130915785,607055658.6,34182588.9613218
2.44,16,17129.37,690.7365927974209,483309091.56,30490595.97432831
2.46,16,15788.97,652.3644950857822,418673252.52,26617439.32133808
2.48,16,14050.49,623.3308109793759,352056677.96,24062654.770073265
2.5,16,13290.24,588.5729539772486,314505757.92,21992170.863665935
2.52,16,11122.08,726.5685716530181,228227877.12,26268026.966722682
2.54,16,11998.449339207049,709.0307410188605,257078034.32599118,25304303.759881847
2.56,16,10147.162454873645,658.7442902046682,222301083.4368231,24554050.669287905
2.58,16,9299.870967741936,726.3206501418128,199911493.75115207,24979394.497237954
2.6,16,8104.794871794872,528.6019962685262,152308817.33333334,16777008.757543677
2.62,16,7644.273764258555,512.6191905654695,127021091.95437263,15669505.139912618
2.64,16,7977.931558935361,549.1017478436916,142343360.7908745,16737723.082273839
2.66,16,7002.006006006006,463.018949948286,119990679.3033033,14140187.673048094
2.68,16,6046.229166666667,380.436840304568,91844960.41666667,10797811.218962433
2.7,16,6053.935018050542,403.2148485210104,81360825.01083033,9267398.086052394
2.72,16,5456.85,300.11366986795997,65624586.6,6274860.545660325
2.74,16,5029.37,314.65118538872497,64698946.76,7504370.411971147
2.76,16,5193.15,338.69219070043073,72624628.92,9111734.052606164
2.78,16,4671.46,301.93142105444457,58105474.48,7077831.084722093
2.8,16,4559.95,270.1607258933377,49842079.96,5534464.2554380875
2.82,16,4512.65,271.3744091064998,49674533.96,5244054.060777846
2.84,16,4576.12,280.84325392385557,52332498.88,6532041.949131012
2.86,16,4417.42,290.8717750429711,53187154.0,6839659.6228364995
2.88,16,3657.32,249.06957701036464,38066335.04,5150130.95519503
2.9,16,3797.15,231.63476764076245,35773039.16,4180220.0731982174
2.92,16,3600.37,221.63624402310498,32513591.56,3719919.930899568
2.94,16,3426.64,236.29840089702952,33965101.12,4485827.332498587
2.96,16,3091.55,194.67871411284906,24641897.24,2922977.5010944125
2.98,16,3179.43,212.0578707265002,28006366.68,3649417.883604712
3,16,3115.13,203.3025640416297,26154247.4,3375263.5014627953
3.1,16,2421.13,159.23948345376323,15954104.68,2130659.053949355
3.2,16,2327.8,156.48133980919803,15164305.12,1855269.2384904034
3.3,16,2144.95,138.05001253992737,12185864.92,1402545.4474738752
3.4,16,1684.4,108.79874194564832,7548425.12,977370.4836338025
3.5,16,1654.79,107.30839355364782,7321365.08,977968.5376724447
3.6,16,1536.31,112.95594336476933,7438380.28,1201308.7678591493
3.7,16,1484.69,104.1321239294101,6520044.2,921851.5684070342
3.8,16,1074.5,75.5559847380138,3426629.84,492135.9177250006
3.9,16,1258.55,85.54123699560674,4496253.08,643702.9102002806
4,16,1105.76,75.99329091236841,3521161.76,503830.8439270434
4.1,16,1077.16,77.08872063116608,3525471.52,507388.0939845029
4.3,16,981.82,73.45292683395606,3111326.32,467175.2176468386
4.4,16,845.76,66.34460929016329,2467160.64,482919.99408714403
4.5,16,789.6,56.655832488844986,1901009.76,276316.4315584281
4.6,16,944.73,63.74157762135157,2509594.44,326428.3160179483
4.7,16,863.69,61.79740274832374,2265899.72,339240.93885820446
4.8,16,746.85,49.67243427133567,1539796.68,223064.42412309567
4.9,16,741.48,49.51676432592674,1525658.88,185108.63211281618
5,16,745.05,59.409415734357665,1959840.84,361219.90409446217
5.1,16,791.89,54.33244049472193,1801998.76,249521.7690969004
5.2,16,748.39,54.29002053887053,1733162.68,275462.0542021857
5.3,16,774.03,51.04734930095864,1636250.04,220293.31161002934
5.4,16,723.38,51.831110044474286,1592498.0,234247.74470257876
5.5,16,724.31,48.396141931493915,1456821.08,198611.3386161116
0.8,18,104963.08,6.443728164112168,11017264688.8,1344548.3187254472
1,18,104824.33,24.074895810505446,10988370842.44,5005634.406424429
1.2,18,104392.83,50.408241893738335,10898874276.12,10402567.966533342
1.4,18,103225.45,89.47383890388416,10658679763.72,18228711.44638691
1.6,18,100516.64,145.45448283775764,10112015458.4,28791868.32542617
1.62,18,100288.87,157.12960593838878,10067684013.4,31145554.201033983
1.64,18,100026.47,182.76171235721935,10018588717.88,35351134.53676348
1.66,18,100005.36,169.64482881794444,10012526289.12,33286617.27255342
1.68,18,99383.11,168.76615175159566,9888338466.04,33128978.256009214
1.7,18,98864.92,188.28298363934005,9788381787.04,36543095.87743291
1.72,18,98431.7,188.68794119163442,9702969703.28,36629963.18009206
1.74,18,98064.08,220.36317325059113,9635890759.04,41756421.954251535
1.76,18,97489.3,221.4524931017162,9523682137.36,41985057.41849589
1.78,18,96807.85,249.54842034996534,9396545194.12,44681537.46183112
1.8,18,96063.44,263.2697713085512,9255770444.96,48742971.822022684
1.82,18,95622.76,269.0606015986505,9172525066.72,49085518.81445799
1.84,18,94576.56,284.0544440041521,8976839300.16,52131314.26376963
1.86,18,94084.97,295.86105061002627,8886820235.72,53673101.473522656
1.88,18,92953.18,315.843577525403,8679997273.36,56880181.32007208
1.9,18,92823.79,310.03180423902927,8654511878.68,55987165.86251687
1.92,18,91593.8,337.4508562668331,8434745969.12,59405398.97267713
1.94,18,90882.22,370.56945397501937,8314232300.08,63999820.97829343
1.96,18,89808.34,365.6255772120843,8118743728.72,63048596.991003506
1.98,18,89401.26,381.7338917318041,8050582518.0,64915929.94540174
2,18,88055.29,411.5227024961809,7821136192.36,68857223.2525616
2.02,18,86332.29,454.1560896294707,7535355398.28,73937974.07732387
2.04,18,84062.61,529.5939158568302,7178150048.04,80376382.34971887
2.06,18,83041.92,581.4775277987949,7030531536.48,87554813.05149963
2.08,18,80704.4,686.951926522764,6701018732.96,94451846.41336735
2.1,18,80771.91,597.0186667318759,6665961988.92,86501979.2393742
2.12,18,78232.12,705.9989667509261,6318642793.12,93825710.83678928
2.14,18,75532.89,669.6201943625902,5883678292.2,92200618.09074703
2.16,18,74195.71,717.7098771837501,5710017442.36,94657250.92213073
2.18,18,70510.85,892.928893909855,5289116120.84,106326731.55002712
2.2,18,66345.42,990.3260614759663,4792053998.64,110487668.63107647
2.22,18,65005.95,973.5270742752648,4602982380.6,109948883.25156492
2.24,18,59893.28,1080.4929175019906,4051858955.84,112193684.48617077
2.26,18,56069.71,1134.575708356204,3656145888.76,108262977.73518646
2.28,18,52805.9,1171.5818419821255,3334762903.28,108573533.58364475
2.3,18,51710.99,1184.3557521378125,3232304015.48,108160115.49184348
2.32,18,45750.48,1184.1032181581836,2651145897.12,103228357.30508448
2.34,18,42138.79,1204.250670981575,2352868680.28,98378468.19741914
2.36,18,39146.78,1210.1239697193473,2115305254.16,97009412.52164306
2.38,18,33900.7,1159.4865323548165,1684335610.96,86815441.4641445
2.4,18,29306.74,1127.5242072469691,1364869901.2,78887996.64637457
2.42,18,26731.96,1055.0028796796905,1157586836.32,74239458.36032395
2.44,18,24442.14,1011.1315703183215,1004330810.64,65288327.0626368
2.46,18,22302.09,1019.6657792863338,911193701.64,65011333.68865599
2.48,18,18487.96,882.3917401964633,651695454.4,50858864.814329356
2.5,18,18724.32,882.1587598365144,660327327.84,49694467.84292734
2.52,18,17386.629213483146,1276.778524592078,589212792.1797752,71438555.1786111
2.54,18,15839.524324324324,1230.6612472849288,528057177.772973,63998467.93860499
2.56,18,15568.55421686747,1296.8319890219668,518200817.6385542,71485095.57742564
2.58,18,10772.635379061372,740.1805511288757,266715144.14440432,30765061.662464134
2.6,18,11464.688,773.0760087317357,279657797.312,30824110.483129084
2.62,18,9748.257703081232,628.748705902943,235369987.58543417,27864726.112929963
2.64,18,10126.038022813687,735.856351990928,243866177.88593155,31496609.48776209
2.66,18,7828.589743589743,564.3493573296454,160019799.2820513,22206436.74409474
2.68,18,8229.725490196079,532.939912495389,168558034.59943977,19218348.786984283
2.7,18,8808.081632653062,574.0654250858626,173812347.75510204,19308993.409582447
2.72,18,6627.2692307692305,480.53904427518324,115505947.23076923,14024653.901584573
2.74,18,6567.3,407.53418397090286,109231320.72,12585849.844637671
2.76,18,5847.16,387.20397283040654,93860567.68,12145441.739649065
2.78,18,6427.76,399.36339220272146,104793962.72,12559331.864348983
2.8,18,5670.34375,386.73175542169855,89285661.875,12342726.420364024
2.82,18,5217.47,369.426702288855,81539817.56,11786355.629931105
2.84,18,4712.23,302.13913932980176,58537987.48,7000691.92798461
2.86,18,5009.65,331.35836140399124,68796616.36,8666625.286296628
2.88,18,4724.07,317.280265942016,62382462.36,7380752.175895402
2.9,18,4464.47,298.9739597891114,55507116.44,6880717.48570925
2.92,18,4363.85,302.2452538251678,55401588.2,8371053.4953423515
2.94,18,4098.4,271.39528562419576,46111916.32,5567811.752492448
2.96,18,4530.92,310.5310309864694,58908426.56,7837027.7688034605
2.98,18,3946.25,266.0351386129107,43741394.6,6727976.5750990845
3,18,3685.91,254.60261723455244,39385446.68,5357846.935041754
3.1,18,3551.39,238.28421461224337,35210700.92,4470366.537492421
3.2,18,2417.25,166.6340529079225,16894396.2,2419160.706434767
3.3,18,2230.6,131.3671185683683,11844032.8,1325181.4214898043
3.4,18,2236.42,153.21926297250698,14345137.84,2005283.6922082899
3.5,18,1816.96,122.53576998897353,9277357.12,1373199.036342266
3.6,18,1834.94,136.6932824860085,10803702.8,1942307.3759124978
3.7,18,1664.62,129.57735044532748,9453537.04,1895939.1986875846
3.8,18,1411.09,99.82855627077075,5957564.68,1374403.895217463
3.9,18,1518.04,110.8269402406234,7192955.2,1285006.4876558136
4,18,1395.56,104.97558577992855,6333524.96,1271645.0348145468
4.1,18,1345.25,97.58759844225901,5600010.44,911790.9400226378
4.3,18,1239.61,83.20185331951177,4291824.52,584865.3077018341
4.4,18,1078.28,78.58293451187431,3620463.68,613331.4037388215
4.5,18,1017.12,73.15561589024148,3164540.64,482239.7245259489
4.6,18,907.33,62.86342281948104,2396077.96,320361.65707526536
4.7,18,1070.45,73.47205639363405,3294337.64,503391.30931106553
4.8,18,1069.35,81.6273546365949,3795410.04,610401.5626558055
4.9,18,1022.65,79.94786740984736,3589710.28,740310.7700018132
5,18,1013.11,68.93723106382602,2917835.8,368341.6584053203
5.1,18,910.41,62.42405979416628,2379767.88,308476.2554530291
5.2,18,793.62,58.59807548385658,1996467.6,432040.26338412025
5.3,18,903.46,65.51535662830086,2524570.96,548886.043673213
5.4,18,734.56,55.416667686656716,1761846.88,297343.96942664357
5.5,18,904.58,60.18236208016698,2259796.88,318629.1792854158
1.8,20,146467.29,341.06267334911496,21498964182.12,98098832.28738043
1.82,20,145222.13,368.3728148159682,21143475396.2,104628140.69851518
1.84,20,144422.08,398.25754132657886,20920863997.6,111460963.19097137
1.86,20,142992.45,382.8834690865733,20505187824.36,107187206.81458996
1.88,20,142785.75,415.62310260602504,20456522375.16,115302708.16343082
1.9,20,140759.4,417.90982791443435,19882719277.44,114969603.17416468
1.92,20,139094.25,442.8362860869158,19425260255.88,118117545.77877104
1.94,20,139217.125,528.9473657907256,19488286612.5,136309305.76860073
1.96,20,136324.5,557.3573793098159,18708007681.68,146647304.4024782
1.98,20,135487.2,531.497969606099,18469213126.56,138785616.25147554
2,20,134201.65,587.8714269393804,18147629666.92,146429191.50823635
2.02,20,131765.25,689.245507581503,17551155924.36,168115133.50073636
2.04,20,128897.69,735.1220264699513,16829696787.08,177406566.79466882
2.06,20,127986.67,698.8933849095453,16574992800.28,168610934.1587091
2.08,20,124875.93,750.2558300450112,15818027057.16,178156197.99314588
2.1,20,121147.23,904.626237674021,15002356137.24,191380424.50769
2.12,20,119553.61,992.303752456036,14684965487.08,202303416.18279135
2.14,20,114095.37,1111.2843130245626,13509267766.92,218231254.84090772
2.16,20,112118.44,1125.4939430719398,13074708928.0,213047659.8690842
2.18,20,105258.53,1308.6972042675575,11761012391.72,232647194.50410676
2.2,20,101050.83,1378.265159515617,10967321703.0,234774091.72475144
2.22,20,97414.12,1449.7383059921792,10326009009.76,240208122.0563743
2.24,20,90821.57,1631.4948214456044,9307950821.96,251780872.39375895
2.26,20,85497.14,1574.4233584884578,8296333092.08,237080777.68161026
2.28,20,78545.06,1758.2128841004173,7399676571.92,248710609.81860375
2.3,20,70846.75,1767.5428601614583,6262704485.56,232941826.875967
2.32,20,64808.03,1784.0073620568173,5466796251.8,220669962.45774266
2.34,20,59558.53,1746.3316007372582,4760996395.72,205927886.1704724
2.36,20,54208.75,1806.1821551116032,4236989735.32,214528295.87012345
2.38,20,47870.4,1700.9066837312546,3443029680.48,182408675.60923222
2.4,20,40721.93,1604.1885096146884,2682503484.68,160015729.43392825
2.42,20,37047.73,1538.3294495769023,2314390297.48,156816927.11554202
2.44,20,31997.96,1451.6851449298665,1862615837.12,133345680.45970972
2.46,20,28075.5,1440.5121428587129,1614118830.96,127321146.97437358
2.48,20,23832.32,1243.4439088521788,1183352138.24,103955154.83161432
2.5,20,20547.68,1104.3012512233402,907563740.96,81837497.04188128
2.52,20,21978.3661971831,1924.0785458601192,1001365606.7605634,155714745.3180688
2.54,20,19177.5,1481.9326539874487,820188689.0769231,114742767.16558185
2.56,20,16793.807407407407,1675.117468625131,655253217.5407407,117912258.64689994
2.58,20,15771.73076923077,1285.6550813272663,589254689.6923077,90874177.64532103
2.6,20,14412.0,1215.4547054316893,500224498.56,74195021.7384811
2.62,20,13768.94,1067.7318580552146,415319570.48,52240327.81296769
2.64,20,9712.10108303249,754.819003166377,251008689.38628158,38028519.13393661
2.66,20,11039.471471471472,690.3057100428618,279600134.5345345,30352372.456693668
2.68,20,10644.664259927798,824.7822988192067,300384439.1624549,42753686.16171977
2.7,20,8942.76,573.5868815160381,210916539.36,26409021.346914023
2.72,20,9703.387387387387,634.5576119824228,227438509.1171171,26201983.53850775
2.74,20,9417.5,601.8710657829546,227069283.5,26427872.265134
2.76,20,9168.923076923076,675.5842488819821,225558977.23076922,36101217.24953337
2.78,20,7981.74,487.6219758096604,158343294.0,16562501.842530767
2.8,20,6818.09,486.65155137552324,140745176.84,20725639.550005842
2.82,20,5749.09,407.85670808762166,99258595.24,15650627.902320836
2.84,20,6629.86,422.10621679492056,114868605.04,14131432.619871648
2.86,20,6934.15,480.6838658955518,140043691.48,22890557.553201396
2.88,20,5838.35,416.3793225191195,103088716.76,16317588.892285746
2.9,20,5640.25,356.790836803232,82478019.4,9847782.925940678
2.92,20,5880.01,380.1091965309831,92079113.32,11530619.316113492
2.94,20,5027.72,327.5000710455198,67966242.56,8006382.062385849
2.96,20,5148.67,330.3023647595522,69930737.08,8318637.773239166
2.98,20,4865.38,324.8434358389852,65670442.96,8190740.854114508
0.8,22,234193.21,17.172415553852243,54846576977.8,8012305.649143804
1,22,233918.12,43.189621701383196,54718429275.68,20103614.43787933
1.2,22,232795.27,90.16584806221064,54196873447.0,41744721.44076393
1.4,22,230338.05,152.03755395108882,53064817271.88,69642402.13678955
1.6,22,225010.06,297.843997389371,50664834319.6,131403878.11159633
1.62,22,224214.29,281.45084649652955,50303575440.68,124352626.72668014
1.64,22,223180.68,289.7386841471509,49843027640.16,128115912.63783129
1.66,22,222401.44,336.5240615964944,49507473677.92,147542300.10049066
1.68,22,220952.8,339.70863533675214,48866070095.2,147987090.25901818
1.7,22,220321.15,347.52614731694536,48589477659.64,151509417.7928367
1.72,22,219043.06,375.5248733107726,48035988021.04,160554974.54437533
1.74,22,218223.49,398.46919275777265,47684685508.36,170974196.1422111
1.76,22,216992.66,410.4220491322897,47152856525.84,174722564.8901999
1.78,22,215381.75,435.99087629735766,46464953749.88,182977051.83549392
1.8,22,215065.92,447.469232601682,46333041474.24,188898039.95364088
1.82,22,213440.3,473.48585052559434,45645989387.12,197704204.88617584
1.84,22,212381.13,446.07977995909596,45184941771.24,186123447.05307585
1.86,22,211294.81,466.3089401597842,44732039999.56,194425073.6295989
1.88,22,207757.79,601.2857998501571,43307194965.56,240185832.10206676
1.9,22,206163.85,614.5963203802236,42653869988.68,246422548.0894467
1.92,22,204783.32,584.9066874168863,42072371107.04,233147286.48986366
1.94,22,203258.375,1115.2950265857417,41550311255.5,405569984.03289735
1.96,22,198414.42642642642,870.0279426044133,39618836880.76877,323577871.91472626
1.98,22,197684.51,683.6673564420381,39265192282.04,264225629.6996361
2,22,195547.57,791.8920796644327,38488436740.84,295554307.22142535
2.02,22,193813.74,774.7989142092338,37802692029.84,292298943.2811079
2.04,22,189425.38,1014.5135501412528,36291613783.12,358634701.6333282
2.06,22,185999.81,1023.8611656956874,35013152032.04,352878279.8527311
2.08,22,181453.08,1151.6592668512637,33453098545.92,376312309.935998
2.1,22,177455.69,1182.5644682216205,32047111980.68,373747736.23375183
2.12,22,174433.16,1300.1979002517219,31099756336.64,407415049.40158784
2.14,22,170407.9,1367.3454164934906,29782971184.72,422327287.5635371
2.16,22,162571.5,1595.767257912317,27442995288.72,446858094.59100246
2.18,22,157724.54,1678.9095345758776,25998894980.72,458275477.784757
2.2,22,151208.24,1798.7987920681614,24151739416.64,471427846.3885531
2.22,22,143086.35,2014.341063794347,22088626528.92,494762985.41238236
2.24,22,133407.86,2056.2949132902145,19480550491.28,487511544.4062946
2.26,22,120290.38,2346.278467206283,16660788296.08,502708210.766296
2.28,22,112053.63,2443.8942044619675,14933133243.0,486380085.6059754
2.3,22,101017.94,2587.3988660031546,12869104829.36,484605884.0648142
2.32,22,90003.44,2601.8191554103273,10794882376.64,459829840.9274999
2.34,22,80884.51,2555.440098716314,9141369374.68,447901420.5281766
2.36,22,76156.37,2490.6498321595222,8268736161.32,399394458.4451415
2.38,22,64730.58,2362.6059931427294,6411660959.28,376681924.25055736
2.4,22,52378.06,2136.8811742873995,4560844523.92,299708757.5368809
2.42,22,47920.12,2133.883061429924,4108625138.56,289237607.3052529
2.44,22,40898.85,1989.904762130462,3248694773.64,254465870.80283523
2.46,22,35478.7,1791.0334091199184,2535450840.88,205165073.51477262
2.48,22,34570.85,1730.2808701312479,2386712166.44,200364221.33092448
2.5,22,28179.6,1471.618446773513,1656028289.76,147572037.81472045
2.52,22,26493.72,3208.7674858587443,1711046661.6,360898118.7956289
2.54,22,25349.62,1914.607594530089,1368434566.48,163345040.89747718
2.56,22,18772.9375,1504.7699543924919,782658172.75,110336538.46850842
2.58,22,17201.01886792453,2063.3123473037863,738670028.5283018,151560679.2396948
2.6,22,15779.808,1340.1052512149436,694388280.96,109754854.80294907
2.62,22,15798.872246696035,1232.5047231302917,591401332.0176212,81928655.01559262
2.64,22,14015.538461538461,1008.278102497971,511592243.6923077,63567644.74271099
2.66,22,12332.748299319728,898.2861240928413,387719469.76870745,54357416.693552695
2.68,22,12743.41141141141,825.0727589719522,387723192.7447447,43799555.29659637
2.7,22,11767.99,677.5299217240823,321187360.6,35558416.42832259
2.72,22,10052.21,626.2393649415318,257133851.72,28947070.517039556
2.74,22,10471.84375,701.3426818278504,297559547.375,36963560.893467546
2.76,22,8486.46,536.6863160908181,186657539.76,24657953.737938672
2.78,22,8887.86,581.9081087505178,213764486.64,25540167.0886274
2.8,22,8392.23,593.0040825668435,210388632.6,28872352.733268622
2.82,22,8582.73,568.2197006869937,202167765.48,25286148.859075792
2.84,22,7469.52,513.3324810153268,160671461.76,21129711.16537423
2.86,22,7135.15,506.6198840156016,153063162.52,25770628.52599289
2.88,22,7143.55,462.61343231972756,136207294.36,17289235.810340893
2.9,22,7880.33,477.70188973951844,152923411.4,16772676.180196766
2.92,22,6602.19,459.1386394205792,127491139.32,17988215.95421954
2.94,22,6090.05,408.519666763333,103510676.84,13214508.29107429
2.96,22,6781.18,407.56702383854616,112096947.28,12030881.801324751
2.98,22,5778.45,404.77838971838645,98601420.84,16324305.65146116
3,22,5648.36,355.51181273187325,82206968.96,10463308.968768684
3.1,22,4312.3,298.7447457074258,54117026.8,7660598.496224431
3.2,22,3862.82,263.6516230932089,42587399.12,5775243.757941079
3.3,22,3984.09,272.79072359922907,45490241.16,7046790.091805134
3.4,22,3523.91,253.4174507089878,37977823.16,6229864.069340123
3.5,22,2831.27,183.05532001519575,21352855.16,2639826.154028536
3.6,22,2896.88,204.96722299981457,25112620.64,4578525.260429511
3.7,22,2599.8,176.96006585280037,19222354.56,2643867.3749716664
3.8,22,1960.95,144.71949074134224,12180982.2,2176332.6586064314
3.9,22,2193.94,154.15608439880387,14271543.28,2387296.337061505
4,22,2324.34,164.90018896944537,16225069.2,2563344.900803864
4.1,22,2049.13,150.0685476680231,13162176.52,2373764.480040835
4.3,22,1732.65,139.20692138869768,10714794.12,2127507.4689954794
4.4,22,1871.34,129.99396002905274,10227530.64,1629634.1818417804
4.5,22,1686.62,128.8283861370103,9450236.24,1517251.7077718931
4.6,22,1434.61,101.50113834172778,6158519.08,1067679.6594464683
4.7,22,1554.75,99.15922701295689,6330627.96,801827.1903826215
4.8,22,1614.9,105.93066587016345,7074009.84,964071.0422622261
4.9,22,1334.26,107.6346856319829,6391198.48,1703243.88265236
5,22,1287.45,92.03623058763598,5028874.44,799486.1202791915
5.1,22,1397.86,94.82041930611479,5532418.0,813948.7878315046
5.2,22,1245.38,91.81971381654778,4906474.64,842878.8577233849
5.3,22,1213.22,79.43577059163673,3983315.12,505010.5777962119
5.4,22,1280.42,92.97968290725517,5080295.12,836938.1220529199
5.5,22,1265.64,95.83359885161686,5257130.88,794299.5384019631
0.8,24,331730.0,16.140350877284135,110044896584.0,10672839.298242148
1,24,331350.64,49.66156377328532,109794228210.4,32800031.2912443
1.2,24,329727.47,123.21053566131701,108726246483.32,80856681.71220085
1.4,24,326089.2,213.13851507373482,106352246824.8,138256129.10405245
1.6,24,318974.43,345.590580207436,101792221566.36,219061871.48984137
1.62,24,317065.8,402.5395124175739,100595213082.24,251229667.98937443
1.64,24,316310.54,398.93481059619256,100115699408.24,250264322.157569
1.66,24,314849.28,394.74177810213996,99192086292.48,246314918.46853602
1.68,24,313371.79,460.90889916018057,98286429230.2,284846371.8901711
1.7,24,312404.98,463.10340314476247,97682229040.24,285546704.7877603
1.72,24,310835.33,493.35927352239906,96715477527.08,302119175.1598706
1.74,24,309420.38,506.5309739708116,95843088504.56,307862831.30317223
1.76,24,307127.17,535.9176732407014,94441407955.72,323640689.4539086
1.78,24,306906.02,522.8308099450534,94300099913.84,317399610.75986767
1.8,24,304453.27,597.3667433866232,92833819622.2,357477717.6807157
1.82,24,301903.56,620.2775226381959,91298888696.16,368660642.6762776
1.84,24,299241.66,623.8810486406876,89700484622.64,369316954.66515267
1.86,24,296099.23,723.488729179272,87883082819.8,420983916.884903
1.88,24,296129.17,673.9487073848808,87873260790.76,393643687.0871506
1.9,24,291908.07,765.8378179697655,85443752807.64,436859661.3640475
1.92,24,288903.86,862.624702101592,83761602491.12,482677598.28957367
1.94,24,288056.93,843.892073749332,83260233926.6,477496025.3507833
1.96,24,283890.92,869.6935668913993,80895090375.68,485482340.50139403
1.98,24,278419.18,1011.8691241939223,77924746243.12,543241564.2220049
2,24,275410.1,1196.3072728761279,76420324894.16,628015745.0515398
2.02,24,268783.8,1316.819081418496,72934872449.76,659155808.3524983
2.04,24,268649.13,1241.737232725723,72786039623.88,623379079.8887893
2.06,24,260707.22,1356.3524537886983,68700456566.96,661902777.7301302
2.08,24,254406.58,1415.7038967296837,65520391532.08,688627588.4789832
2.1,24,250964.24,1439.0416738215274,63807249629.6,697129592.2484518
2.12,24,242543.44,1881.972075273289,60236973060.64,805745776.7306654
2.14,24,238832.28,1992.035212330095,58620213196.8,838435391.2354025
2.16,24,230514.93,2002.7367281257157,54733502832.36,819454595.4996781
2.18,24,220970.91,2161.678957141658,50687951402.04,854494315.6877195
2.2,24,206008.74,2553.49697872646,45034715291.76,912560370.6208719
2.22,24,196467.86,2766.280548968887,41645257757.84,927164265.4884871
2.24,24,187022.99,2783.703929278723,38061723172.28,887344751.0971422
2.26,24,176775.84,2980.21178471521,34784621400.0,919604818.2698414
2.28,24,148829.7,3360.9026519430236,26645983162.32,917432663.3218846
2.3,24,134847.98,3535.457502692165,23158793940.56,906070009.8903681
2.32,24,126376.82,3372.169461230019,20496996758.48,821774167.8131876
2.34,24,110883.66,3510.747990060383,17200706745.36,822044290.8704336
2.36,24,93059.51,3495.1411641610794,13522075620.92,765013541.5830892
2.38,24,79910.88,3187.8854081992067,10430494272.48,618158981.4408059
2.4,24,63852.38,2777.0847715060336,7146601243.76,508127965.4053315
2.42,24,59358.27,2720.2118441031007,6468444602.04,479093976.2127924
2.44,24,53557.69,2547.2024293997692,5450761984.84,432803636.6552584
2.46,24,42339.65,2211.2427062534653,3738716719.88,335975544.34203905
2.48,24,37497.73,2130.939277737874,3213370185.16,304545965.1725604
2.5,24,37808.71,2011.9963770686898,3040664181.88,288267892.4881474
2.52,24,30946.202898550724,2925.586590956385,2121761234.5507247,347694002.1656699
2.54,24,27010.21686746988,2232.3965659088935,1546891322.9879518,226520777.85487118
2.56,24,24823.570247933883,2720.6991184055173,1497133054.5454545,286867087.8403982
2.58,24,22041.558139534885,2073.9715108105006,1217086123.8139534,203654386.9155166
2.6,24,18966.34,1622.3903956869547,880901031.76,131243265.93886957
2.62,24,19711.96475770925,1686.1312886384637,1028257791.5770925,162965459.13416713
2.64,24,18418.98916967509,1375.6564875548804,859684456.1444043,111185635.68723644
2.66,24,13452.924924924924,973.9772910927678,494981151.5195195,64779612.92026477
2.68,24,15971.78205128205,1150.7679617550525,665624805.8974359,94051826.43061963
2.7,24,14439.168,1147.2742411188508,534921907.2,80670662.00663748
2.72,24,13972.4375,814.7894681975828,448833615.75,48581451.362115815
2.74,24,11346.51,750.573922547413,352962460.44,46445435.65359663
2.76,24,11450.37,730.1109851750626,343271001.96,40976924.74312051
2.78,24,10963.71,712.9347195479903,322498021.56,41068651.14993425
2.8,24,10469.18,645.1764141434885,275273307.44,33771090.80934623
2.82,24,9698.18,703.5718373679917,291071238.32,48878868.49598883
2.84,24,8566.58,624.1085441545523,228412833.68,43509006.81654753
2.86,24,8962.15,632.9942380544572,239792453.08,33584833.49839708
2.88,24,8969.41,653.0974095878698,250212800.2,35628573.02453762
2.9,24,8160.56,557.0789855942576,190109639.84,24372096.34404532
2.92,24,8168.19,561.4111211529637,192162729.72,31206871.140731633
2.94,24,7608.78,528.5500962707432,169081582.8,24875633.312579453
2.96,24,6906.22,427.1067838100948,120299572.24,13988558.30034622
2.98,24,6581.89,426.795561317396,115819202.92,13166954.491765562
3,24,6511.17,445.1371539058509,121258370.28,19162484.251882512
3.1,24,5827.0,385.3826281787322,93065168.8,12075599.222041873
3.2,24,5003.74,360.8696488068831,76868047.12,11641771.8131593
3.3,24,4053.58,289.6009831243226,49811474.8,7945532.93698231
3.4,24,3464.15,258.28670076600815,38551885.88,6266054.451763811
3.5,24,3194.34,213.3115581227696,28313646.48,3824287.515619888
3.6,24,3318.11,233.46495784306165,32703333.08,5539314.709240202
3.7,24,2802.63,200.1895938880086,23805032.76,3539178.484428229
3.8,24,2709.5,196.29232369089917,22676695.76,3461515.97181358
3.9,24,2487.06,157.0000554832701,15995838.0,1893562.7656568023
4,24,2325.49,152.68067196451287,14685894.28,2018619.8422813255
4.1,24,2498.22,167.18870023433405,17366093.52,2351710.9945780276
4.3,24,1963.59,139.41865730601694,11591883.96,1808756.4946370388
4.4,24,1871.82,124.8439778298676,9706984.56,1178968.5705401325
4.5,24,1988.39,135.80806603367313,11294385.56,1495644.227205014
4.6,24,1956.92,142.5745825700629,11919936.32,1786073.926760321
4.7,24,1697.56,109.33873601552362,7639813.6,971137.3569747987
4.8,24,1675.69,121.19465574750062,8653855.24,1296410.0082383202
4.9,24,1726.44,123.21117972337798,9022668.96,1360247.4931355976
5,24,1635.22,114.0911005303701,7854655.12,1296914.1746422977
5.1,24,1596.88,107.6378202765747,7161243.04,1061539.114255455
5.2,24,1486.07,99.54641377732564,6152405.24,745426.8539927423
5.3,24,1548.26,101.08464718900088,6463940.72,862872.7138660026
5.4,24,1538.69,102.47730855462947,6547229.48,903694.6981480897
5.5,24,1403.43,94.27770875344393,5507175.96,729566.2943152139
0.8,26,456854.56,32.54988894757014,208716510674.56,29594629.543901484
1,26,456456.39,59.03241711897794,208353822941.4,53740789.105009675
1.2,26,454314.29,144.51580866599832,206409786308.36,130877658.18387415
1.4,26,449286.55,283.9494687919722,201890493878.2,253523920.23841846
1.6,26,438211.28,451.9497158049853,192110421331.04,393439616.21652263
1.62,26,436997.17,494.4959057392649,191063848627.24,427438775.5898919
1.64,26,436026.42,496.38604522487606,190217106398.16,429266071.2141726
1.66,26,434223.12,513.6754904320608,188654735880.96,444353854.6956627
1.68,26,432693.85,529.6761246733608,187335630134.44,452887990.3219431
1.7,26,430511.38,550.0229050109527,185460454093.84,470590873.4145059
1.72,26,428302.05,591.5756231646088,183581931672.84,501052105.042741
1.74,26,425322.94,694.9571081499702,181091824719.76,583694671.8232785
1.76,26,423797.03,668.3421487750005,179781702882.2,557674001.9655342
1.78,26,421431.99,710.1305275419453,177805629031.8,591512935.5529981
1.8,26,418006.35,796.781629329399,174981984891.48,655084292.1254095
1.82,26,417425.35,764.8781338559304,174476769631.96,629790648.8642342
1.84,26,412034.81,806.6114540228126,170031633849.32,655334865.1746079
1.86,26,409291.99,890.6445069108254,167835647621.08,714200011.109312
1.88,26,406314.05,909.4963746897688,165420328390.28,724135656.3281496
1.9,26,402634.05,974.7447819028095,162492331295.88,769233600.2634426
1.92,26,402144.43,981.5552576856002,162103598376.76,770645027.5498102
1.94,26,395070.79,1084.6877864100995,156549197995.0,839563820.025061
1.96,26,392686.87,1182.301052663762,154759320005.08,903288318.9999757
1.98,26,385821.95,1276.3888855776631,149506990272.44,937307789.9531579
2,26,380629.75,1421.555837421443,145683298394.68,1045912383.4230336
2.02,26,375765.51,1431.161580377545,142014916566.84,1038119655.6207149
2.04,26,367537.7,1655.238341439881,136174413729.68,1148586321.3071086
2.06,26,363581.86,1595.2939346790845,133204670453.2,1116542193.716765
2.08,26,353703.92,1901.6397160799777,126545733040.64,1217037654.5205445
2.1,26,347001.92,1985.25862592747,121978960557.92,1266850648.2528698
2.12,26,335544.35,2215.42193465417,114543444637.88,1401306594.1484315
2.14,26,327500.22,2317.311196606662,109393640135.28,1387775179.410027
2.16,26,318686.48,2290.6631074371617,103649446366.4,1372349567.331095
2.18,26,295805.81,3113.810575090513,91360036355.72,1658703755.420056
2.2,26,291646.07,3133.1126012613263,88964379727.16,1634395283.7410977
2.22,26,263815.22,3754.1436306181067,75207756108.56,1681742734.9529822
2.24,26,247159.12,4367.181586859907,68678443734.88,1825564033.5600667
2.26,26,227235.79,4315.915666162473,59049747783.64,1761953381.2497075
2.28,26,208391.72,4547.185806427687,51656566362.56,1733245174.7255135
2.3,26,179377.02,4951.767697522723,41935137929.52,1709000455.3525863
2.32,26,165743.97,5000.629083639197,37423630017.48,1696845732.9026046
2.34,26,144998.41,4753.415860640221,30017390402.92,1477699901.2708356
2.36,26,124994.16,4518.929687704109,23751039843.84,1296954767.2687466
2.38,26,106963.63,4362.4203306789095,19015488753.88,1185553853.9250164
2.4,26,82892.74,3828.025054649887,12703445755.12,944183201.1198657
2.42,26,77601.56,3641.4161354653597,11299480029.92,876722884.28246
2.44,26,67005.24,3343.7035145050068,8939510709.12,714989863.3308781
2.46,26,58667.01,2988.6845477582647,6996870052.68,605610514.2949268
2.48,26,50069.09,2683.35969496679,5372698637.0,480639414.6908801
2.5,26,43622.577030812325,2612.8420074445326,4326513241.232493,474021174.41908973
2.52,26,36449.633802816905,3541.8155498150795,3084888180.056338,521241109.9243271
2.54,26,34144.08163265306,3279.563271015451,2725444088.4897957,411596829.3404527
2.56,26,29131.066079295153,2492.8232025217208,2246834077.8854628,379240762.5764741
2.58,26,28591.2,3395.0187086131764,1947134878.08,370700839.8370936
2.6,26,23444.0,1932.0601352242875,1318607493.8461537,197167710.94961998
2.62,26,20271.523465703973,1703.694387398126,1209153147.7833934,194570802.75473464
2.64,26,19934.91891891892,1457.721926875833,1100766888.072072,171378633.18015522
2.66,26,17721.2925170068,1352.0282811144189,847820724.1904762,127802130.33672732
2.68,26,14901.40625,1003.7967718669314,606960772.625,81131898.21739109
2.7,26,16326.884615384615,1340.0012937492177,823209991.2307693,138478900.93235624
2.72,26,17365.759103641456,1209.2867433814508,820716607.372549,113881932.44721411
2.74,26,14522.196078431372,1096.662086815729,637844592.8515406,99233931.2398543
2.76,26,12545.270833333334,851.604898002811,434423913.5833333,58375063.95373684
2.78,26,12112.75,808.5690691847785,406926355.0,54044639.04452752
2.8,26,11782.73,743.3424368840701,358752183.08,43957729.089976236
2.82,26,11132.69,787.9851509684348,371064737.0,55133634.5621516
2.84,26,11454.63,812.8365561089562,394170100.44,52888104.804319434
2.86,26,10463.17,686.515342369398,297057824.2,40783261.38659153
2.88,26,10078.76,684.4967456322834,288059820.8,34307525.20010732
2.9,26,9224.12,635.7141572946629,245930131.04,33539090.423981804
2.92,26,7959.71,529.1403212317776,174793496.12,22262850.607677933
2.94,26,8041.53,546.3181207835096,183455419.56,25103483.56937213
2.96,26,8223.52,592.3216950228847,207263464.48,30982930.567050986
2.98,26,7693.05,533.8897874844994,172628976.36,22329908.583958723
3,26,8887.54,596.2535119683643,220485519.76,28897646.672861215
3.1,26,6661.16,470.56240990216185,132500340.8,18566537.86321021
3.2,26,5497.19,362.12455334001766,82410834.2,10944521.912334733
3.3,26,5453.78,391.50758515832047,90748818.8,12759578.850056
3.4,26,4899.62,330.9123332651073,67588732.88,10105582.334724387
3.5,26,3980.86,286.011679636843,48404917.84,7472928.354430528
3.6,26,3743.67,275.52317264561793,44228636.28,7775010.874522562
3.7,26,3444.23,242.16221950305308,35202598.04,5328887.123699467
3.8,26,3115.33,219.82107106925528,28937280.52,4701819.174390586
3.9,26,3076.74,228.57623182527377,30260802.96,5081734.432799205
4,26,2638.6,185.10591005814757,20599446.4,3239695.055116756
4.1,26,2855.8,203.7756317923866,24682451.68,3803532.9887473723
4.3,26,2520.86,169.8100319895087,17831315.12,2598417.7953487234
4.4,26,2142.65,166.61156959533358,15639265.64,2884420.689751893
4.5,26,2416.1,168.2711583091452,17107052.72,2705276.792501276
4.6,26,2138.77,146.11868885332845,13071957.64,1865186.3678720386
4.7,26,1976.99,137.26363033470275,11407375.64,1650092.1882251773
4.8,26,1991.68,136.46076307374668,11378208.64,1601169.887127589
4.9,26,1667.73,110.8033551008776,7667752.68,1110446.2565464876
5,26,1928.64,127.18663638773201,10157916.0,1218521.102635494
5.1,26,1980.61,151.25521704984166,13028373.16,2888402.122726319
5.2,26,1819.37,118.12760877202345,8863886.6,1122656.6670116165
5.3,26,1487.26,95.231392092295,5821434.16,810124.3093790195
5.4,26,1649.09,104.25785580283582,7045665.8,874995.6994373838
5.5,26,1628.82,112.35793136578914,7677559.44,1030596.835106386
0.8,28,614554.23,29.95992394807078,377677258856.76,36711066.39008195
1,28,613544.78,97.79938495685128,376441003847.6,119643642.21242543
1.2,28,611278.2,164.4351626638979,373671799354.08,200440497.61258182
1.4,28,603855.4,326.4200579515697,364683751297.12,392966855.6704617
1.6,28,589545.83,553.1642146124809,347686070713.4,647757609.1673049
1.62,28,587572.73,583.7527613675412,345377339271.56,681166768.5449588
1.64,28,585869.92,608.8363284145001,343391095394.08,709029507.0065137
1.66,28,583529.57,640.2099315383145,340669887854.12,742286460.5937222
1.68,28,580741.57,721.1076531270738,337467730932.52,830273148.0447971
1.7,28,578991.69,725.4839759170345,335440856550.6,832416764.4266421
1.72,28,577164.06,741.9903138077949,333337472283.12,848206736.6466035
1.74,28,572453.62,812.1633493397775,327965673203.92,920119347.8193331
1.76,28,570130.56,827.171276394044,325321173660.0,934397934.9726967
1.78,28,567281.13,853.8669721528288,322098059621.64,961119168.5267597
1.8,28,564510.9,915.5326092599978,319006161897.84,1023673666.4515882
1.82,28,557907.64,1000.5343728984551,311659362747.52,1095560184.7032843
1.84,28,554988.61,1033.3152210836263,308437320556.84,1131081903.8477423
1.86,28,551211.1,1188.5487683716458,304395914268.4,1283167376.8364089
1.88,28,545724.84375,1346.5699671595055,298508271566.375,1405168451.1636288
1.9,28,540941.09,1259.5717196566984,293248702141.64,1342528303.743587
1.92,28,535731.01,1280.3858319540625,287660195549.8,1353188110.4856553
1.94,28,530545.76,1468.0291757060822,282336542486.72,1519353058.6159177
1.96,28,524924.54,1507.582811423799,276450355137.68,1543157005.583822
1.98,28,518461.97,1549.8314908685393,269758807445.96,1575957087.1609976
2,28,518060.68,1560.38773421472,269355928581.76,1580073171.3100767
2.02,28,503574.74,1678.729971758987,254709143270.0,1633803914.7562816
2.04,28,497756.82,1886.6997181127326,249178595814.48,1810207324.0217993
2.06,28,486091.53,2128.507058798541,238088142699.24,1979448618.0054016
2.08,28,476803.29,2392.5952035984546,229619747365.8,2099300550.4299395
2.1,28,465231.22,2682.9252785869903,219304945102.0,2301107423.763023
2.12,28,452632.18,2680.8647463995417,207736348582.96,2266579180.6191974
2.14,28,442819.83,2945.2454501439165,199541862890.52,2435827110.9031096
2.16,28,422591.86,3612.25760168413,183777177941.68,2647768132.85229
2.18,28,405410.64,3847.28206947659,170248852599.36,2766510876.5476613
2.2,28,379379.57,4831.210524410419,153218473347.08,3094687770.3635178
2.22,28,359299.99,4847.240696847629,138447847017.88,2976212779.8509426
2.24,28,327111.08,5695.978413711595,119914519464.8,3189628858.557236
2.26,28,311874.62,5999.235004063455,111590215189.52,3277636908.767791
2.28,28,276366.2,5889.449297067763,90183237199.52,2980885146.5212135
2.3,28,233536.09,6110.965145785134,69402068907.4,2770594926.728048
2.32,28,211887.08,6299.5235966717755,60690464903.84,2732165064.529982
2.34,28,183220.93,6078.302376423482,48274413946.6,2410251607.2686234
2.36,28,149988.65,5847.05542769685,36103527354.44,2078319782.6989036
2.38,28,108706.08,4936.124533004289,21514472253.6,1583088883.410026
2.4,28,102444.84,4614.386134202182,18969437113.44,1410312690.7475326
2.42,28,87722.47,4360.96915421826,15264463969.72,1228407667.3276055
2.44,28,73551.79,3811.017307478212,11190395583.16,953538995.9450852
2.46,28,63966.87,3470.093416875109,8884326793.56,838985647.4157149
2.48,28,49460.260416666664,2869.220854863521,5591126415.041667,581688386.3905426
2.5,28,47801.97,2675.8449430188716,5134784407.56,508223323.5858624
2.52,28,42900.819277108436,3954.258334016945,4404904559.807229,703475771.337906
2.54,28,42641.79775280899,3713.615064466659,4245605277.8426967,695257324.7486695
2.56,28,35162.769230769234,3319.917006420334,2933855728.0,539730658.8379478
2.58,28,29242.96,3119.659312099983,2782189667.2,637650285.5915747
2.6,28,30088.256,2498.6424392560116,2453645203.712,380879332.61860895
2.62,28,24726.816,2007.969359474918,1611352912.512,293692320.49502814
2.64,28,20874.402402402404,1489.3903184416479,1169999182.5105104,166700226.83856663
2.66,28,17472.6162464986,1275.6235911646872,882958395.4733894,131908278.72092734
2.68,28,21641.80769230769,1536.4992090001488,1200232650.9230769,161552437.0685243
2.7,28,18948.98599439776,1396.4291079543743,1051324592.4481792,143019242.61494762
2.72,28,16642.09375,1155.8868318930104,787343172.375,99990560.96101542
2.74,28,15523.51,1003.0870215071075,641442940.12,82127612.3050867
2.76,28,16862.81,1065.6023147020703,736289500.52,89580883.19418266
2.78,28,15692.572916666666,1126.1969189906267,730758196.7916666,102723926.69513305
2.8,28,13515.18,889.178259132676,497335981.68,72628263.34866059
2.82,28,12523.61,865.9991327906201,455324572.52,63521092.98989364
2.84,28,11899.36,802.7590544086405,398076375.04,59073654.43851335
2.86,28,12379.3,867.001352264365,452422102.96,65152810.41580761
2.88,28,11259.39,739.1419769654693,344214912.12,43124964.40463696
2.9,28,11443.75,736.7646528394649,347003988.28,44745400.13016794
2.92,28,10210.38,676.7109433373554,286512209.52,38349778.14236698
2.94,28,11298.75,807.9599068356989,387477469.56,59705502.216977425
2.96,28,10631.55,725.283665917348,322393656.12,45096856.635610916
2.98,28,8396.99,596.8923212042037,212309948.12,32093902.65313992
3,28,8305.29,619.1589168990473,221555190.6,33736026.289566725
3.1,28,7518.83,526.00951974701,166654530.2,23425415.323562223
3.2,28,6193.2,397.9112494371424,101372800.32,14123708.132269328
3.3,28,5095.35,340.8474622174078,72201325.08,10144626.730720561
3.4,28,4398.87,316.3495935715037,59180979.48,10789476.887357544
3.5,28,4684.97,345.270723689005,69395567.24,10553104.404798385
3.6,28,4554.61,310.84767546537523,59201972.2,9556425.544799637
3.7,28,3914.28,278.5407157848475,46200584.16,6706010.421412599
3.8,28,3975.6,279.5066769100446,46898935.68,10046312.60152391
3.9,28,3328.58,222.57015595401018,30795483.44,3823327.9958497817
4,28,3608.97,236.8886739386839,35359069.8,4253323.647751106
4.1,28,3295.25,230.9351332161137,32084558.12,4309332.835040048
4.3,28,2728.98,190.47469462280344,21887105.04,3413158.4007790573
4.4,28,2640.6,166.62137376161348,18022385.28,2341052.6480334057
4.5,28,2600.01,178.56332187481968,19450305.96,2974691.443155904
4.6,28,2520.79,175.28641517005804,18583139.32,2906377.4192298455
4.7,28,2587.63,172.6478760591386,18559204.6,2289237.627714983
4.8,28,2765.03,191.08373086833325,22177653.08,3152483.063710097
4.9,28,2291.34,187.63518293985476,19262697.84,4374002.128396794
5,28,2308.58,172.68208972024345,17197619.6,2841217.8816649904
5.1,28,2239.58,150.11708031868233,13984759.76,2052801.2977641765
5.2,28,2239.29,150.9398390821385,14082045.0,2071038.7592110706
5.3,28,1908.96,150.18426312281576,12621199.2,2405676.178698932
5.4,28,2102.65,152.85195228419468,13719955.72,2417336.0993191595
5.5,28,2176.68,156.3940056386986,14472712.8,1994140.697338906
0.8,30,809838.18,37.36669831553405,655838433504.72,60399680.62445299
1,30,808984.69,105.41082808094511,654460651036.36,170039823.81119347
1.2,30,804937.78,216.87882706593481,647943550286.32,348361683.0644236
1.4,30,796444.69,421.94657163348006,634395004160.2,670178939.9019582
1.6,30,777260.58,680.3890581154046,604318256228.88,1051212424.2639415
1.62,30,775407.33,711.4308357186167,601457969949.0,1095469570.4738538
1.64,30,771132.5,749.244896546227,594868758389.84,1148828487.988683
1.66,30,767790.31,832.084388768534,589777522903.96,1272370850.568872
1.68,30,766957.97,788.7121743382886,588472111925.48,1202862326.2006564
1.7,30,761770.36,922.6659630492471,580632905869.6,1388427718.0441368
1.72,30,760129.6,846.5306291517344,578082223001.92,1279980045.6687043
1.74,30,755341.4,982.1187058495622,570924526712.0,1471262882.5878472
1.76,30,749656.13,1027.5537361590766,562404550825.16,1525219522.189779
1.78,30,747255.01,1097.643617148405,558869571943.24,1619889243.2693176
1.8,30,741026.16,1224.794984780112,549716822411.04,1790850674.737296
1.82,30,734934.48,1331.907724654866,540834737646.24,1920490813.92537
1.84,30,728122.19,1493.8209883227112,531050066604.92,2103793120.5377228
1.86,30,726178.26,1360.0291261053828,528071042251.92,1949788687.1585572
1.88,30,721817.97,1321.7656335354513,521716517809.8,1885343479.6218219
1.9,30,715853.65,1529.402428150083,513377404637.32,2149096018.8579745
1.92,30,707143.05,1709.6473238701958,501214612271.4,2350542196.4979
1.94,30,701504.04,1592.6326442408297,493117443015.84,2204032908.3903856
1.96,30,693366.3,1769.0557754117538,482002398017.52,2406210687.646725
1.98,30,678241.5,2020.8773628538922,461636952767.76,2682058052.402648
2,30,668671.37,2286.766621823398,449202676160.84,2912053439.5648646
2.02,30,664006.02,2322.061065294474,443050011177.36,2986584023.093284
2.04,30,649652.15,2367.070513531807,424277933087.96,2978738606.3037205
2.06,30,640546.99,2646.829995483922,413088736104.28,3259386750.0049243
2.08,30,626765.46,2613.670682774627,395553806153.52,3172612450.5444374
2.1,30,613804.45,2857.1850648412983,380004998833.48,3372744822.545886
2.12,30,592920.84,3740.195250084156,357122803561.44,3951946228.937602
2.14,30,572965.49,3743.449630458981,333866826988.52,3978086207.282138
2.16,30,561149.56,4320.821723209416,322319336506.72,4279255929.533793
2.18,30,532554.21,5181.215839601467,294298362736.68,4705842241.669476
2.2,30,504203.88,5485.880518187693,266199392098.08,4807190434.386579
2.22,30,478246.28,5852.713693680525,242352784486.4,4821685934.253018
2.24,30,442281.04,6787.558879030491,213948873824.32,5147369935.129356
2.26,30,405860.24,7260.618586685563,185703865944.32,5106400546.849097
2.28,30,351235.82,7988.996746196743,148768740277.52,4987859818.059805
2.3,30,295244.09,8231.932619627263,114139598524.04,4766837260.4277935
2.32,30,252207.46,8139.613062324428,89977582233.04,4347841779.275155
2.34,30,197399.41,7734.234105661539,62774390740.36,3786305346.365214
2.36,30,177905.35,7254.340061156318,52595374111.96,3346773646.8901267
2.38,30,150680.65,6664.690897504971,40383175023.88,2915379463.6723256
2.4,30,123923.5,6338.929053528575,31349578882.48,2543034734.9741163
2.42,30,108815.41,5280.0538668329655,22936692747.88,1886839714.4347022
2.44,30,86506.71,4636.872319768274,16040697420.6,1536427226.0988226
2.46,30,76707.35416666667,4309.491068921493,12978461017.416666,1281470197.4573734
2.48,30,67365.87,4042.8362499607633,11043322229.88,1130925952.599148
2.5,30,51557.98717948718,3861.8375830650643,7281548593.179487,919802564.6534926
2.52,30,48159.294117647056,5024.731631113849,5273537349.243697,1011282281.6891904
2.54,30,41981.66265060241,3895.7177529837954,4251516581.3012047,659357594.4591471
2.56,30,49635.48299319728,4671.930207263984,5628734774.421769,1126547039.3244429
2.58,30,30288.895833333332,2864.6463822934948,2476637741.5833335,497782499.4783807
2.6,30,30760.31718061674,2584.377409289897,2449003019.559471,432506743.9198768
2.62,30,32248.848,2526.8710011854046,2623512847.68,375568383.83494776
2.64,30,27295.942238267147,1868.91161296759,1705609491.8700361,223811864.37254044
2.66,30,25551.255255255255,1693.3899680080744,1602040788.6606607,198989250.90756917
2.68,30,23239.034013605444,2006.0575704340054,1715152346.829932,309563801.0565119
2.7,30,22588.270833333332,1532.973613457332,1407939193.0833333,182809669.68302223
2.72,30,20605.589743589742,1464.2266172423,1089224672.2051282,146207202.07841596
2.74,30,19760.23076923077,1455.4781186380192,1047182641.5384616,158405536.13910198
2.76,30,15902.4,1065.1042060546067,704399055.84,99699388.27530567
2.78,30,17620.07843137255,1227.14612795254,845061486.9691876,114581044.8684508
2.8,30,18004.9,1289.3006064894773,985774409.2,152675723.94282705
2.82,30,14589.56,1102.5810630004416,696700930.4,114097095.09801182
2.84,30,16057.33,1003.7046309622989,658794713.8,76513108.04331361
2.86,30,15250.75,1045.156369053762,667344137.08,89788513.45779018
2.88,30,13523.52,830.4986189057121,457399044.0,53231272.687104896
2.9,30,13870.02,1007.7563859062566,596578021.2,105794701.15922618
2.92,30,12138.04,875.0177617984631,452065050.4,80296351.03663853
2.94,30,11818.92,817.071406035782,405395600.64,69229334.4792432
2.96,30,11608.91,874.7021267745105,439280020.76,73984831.49034499
2.98,30,11077.53,762.1361237216512,353892008.52,45109568.25986814
3,30,10883.77,776.3949041383933,358367997.16,52275183.66320162
3.1,30,8685.23,586.181517124193,212190370.04,30205232.695191227
3.2,30,6921.77,475.9897573205369,138084833.48,19649531.2411215
3.3,30,7052.94,478.5541115082727,140892122.16,18564593.609653395
3.4,30,6046.3,427.42018394447604,109268029.84,15453619.783716708
3.5,30,5082.31,364.637795579481,78748574.68,11996813.946684672
3.6,30,5418.59,379.25228444160456,86606730.68,14145558.713367824
3.7,30,4836.96,309.06465650327146,61413763.68,7224443.813208332
3.8,30,4602.04,311.1186627961434,59703353.44,8227725.518480107
3.9,30,4163.43,298.0819312642843,52697800.92,8536898.932506364
4,30,3508.72,245.40450845854303,36280168.96,6160944.883777394
4.1,30,3471.86,247.42566972640503,36419310.8,5033348.923756304
4.3,30,3204.36,218.6240823763839,29291045.28,4635325.156413998
4.4,30,2564.53,176.64717402723593,18996173.32,2875735.552047966
4.5,30,3188.32,233.8138117309682,31923742.72,4929194.7097162455
4.6,30,3018.53,224.92249543835106,29246521.16,4649161.663333584
4.7,30,2842.54,198.1747693559941,23710881.04,3604328.0550614013
4.8,30,2505.61,170.68265873000485,17872917.16,2741208.213086092
4.9,30,2621.84,189.4633107343181,21160880.48,2865699.364451073
5,30,2476.87,165.46881982675703,17032165.72,2067672.7428470876
5.1,30,2366.92,169.04597121060084,16975844.8,2304504.9958123546
5.2,30,2270.92,146.28842486111617,13674451.84,1879953.9662714375
5.3,30,2152.11,156.7712537171525,14413374.84,2240514.760894124
5.4,30,2358.37,170.5808898916615,17142922.12,3176411.3205414456
5.5,30,2237.18,144.5705798310463,13323486.32,1618193.37501662
0.8,32,1048350.94,46.76166583200373,1099040563692.4,97874972.28630097
1,32,1047031.87,127.17495397373527,1096282173876.76,265796814.97262406
1.2,32,1042478.61,270.147863375353,1086790698477.48,562121793.0328786
1.4,32,1030573.32,492.3726174590626,1062177855958.08,1011152010.7101367
1.6,32,1007379.59,753.2396627670221,1015039453022.84,1512819736.6210904
1.62,32,1001994.36,857.7701119419099,1004285535598.08,1710818669.5695615
1.64,32,999403.18,910.2571173394537,999136488337.36,1807772811.4272609
1.66,32,994307.49,941.0521117161749,988999847356.68,1861933784.730438
1.68,32,989506.48,986.4193377966847,979510339592.32,1944138147.0520372
1.7,32,986903.75,1128.5217870756414,974485892394.68,2206768010.813677
1.72,32,981031.23,1126.1735527459275,962927047620.6,2201912274.1251717
1.74,32,976900.45,1223.1102471918446,954929900423.56,2371372132.007976
1.76,32,972051.35,1247.7753931320847,945503494415.0,2403467142.324146
1.78,32,965902.79,1362.5928295036765,933707154740.6,2602856511.2251954
1.8,32,961348.72,1396.195360333199,924967212189.76,2661278989.126339
1.82,32,954912.66,1531.628434586564,912791856586.32,2899756703.196893
1.84,32,948045.61,1489.8392906443005,899673893391.88,2789187285.4719443
1.86,32,940899.02,1641.803543173799,886363789087.76,3043446515.71826
1.88,32,934842.24,1701.2804521360667,875081974284.48,3128890068.0055933
1.9,32,927561.16,1681.9080772878672,861495580895.2,3082243544.9554925
1.92,32,918862.95,1988.5591149158304,845882968975.32,3583929434.3831186
1.94,32,905150.38,1997.1548685471948,820884694158.16,3571531803.367312
1.96,32,896784.16,2223.413731029057,806189382296.32,3907187764.5046334
1.98,32,889865.06,2359.107079722147,794074862635.28,4130908945.6677723
2,32,868523.81,2685.6067910560196,757204195134.92,4515073729.706546
2.02,32,859873.79,2681.375467064766,742244482912.76,4531881333.807457
2.04,32,843431.83,3138.5574499550394,715297792544.44,4954622638.541513
2.06,32,829021.07,3595.376675502527,692420806729.4,5513051640.41841
2.08,32,811927.3,3541.2884887073096,664217180052.88,5449859348.017465
2.1,32,790306.03,3989.8981642715407,630919537222.36,5993602707.698204
2.12,32,774549.86,4215.395948901107,606999816126.32,6199419042.905095
2.14,32,747119.09,4343.914410379182,565697079593.48,6193672016.172971
2.16,32,725415.03,5675.9454250778135,539049156165.24,7242366456.748526
2.18,32,691512.83,5689.794800915943,491074833409.88,7187452693.791037
2.2,32,668394.62,5976.746029438533,460968611602.64,7106525620.742021
2.22,32,605114.5,7953.429507673877,391340018544.4,8032617159.192188
2.24,32,553647.64,9859.794626831974,345217741249.6,9054797826.90766
2.26,32,505445.01,9483.129343268845,291266920330.44,8484187781.488155
2.28,32,446593.45,10048.178409201875,239630385956.2,8181246978.899923
2.3,32,393093.42,10111.24171842626,195213101657.52,7757950012.962162
2.32,32,305428.14,10254.711200163512,135139934117.52,6832612172.098886
2.34,32,269643.53,9481.097196737952,108484557212.36,5824460525.289137
2.36,32,222382.92,8835.819953696458,80526900560.16,4834649134.503072
2.38,32,180795.93,8101.0870306589195,58807121582.76,4242559617.4178643
2.4,32,149161.55,7034.549335610801,41944275683.96,3433101798.6747823
2.42,32,121057.63,6296.960671382015,30436430961.88,2668548802.0520153
2.44,32,94917.33333333333,6470.968690297527,21236485844.68027,2443280918.4441643
2.46,32,79237.97435897436,5363.043920723855,15195043196.820513,1771505456.283325
2.48,32,60950.65465465465,4300.217331758104,9835846506.186186,1242241611.4309344
2.5,32,63398.192,4884.390844954147,9936030111.68,1464182285.7042763
2.52,32,60238.42253521127,5494.226125507188,7854993031.211267,1263778788.7301333
2.54,32,61671.2,6847.066140837366,10039032045.866667,2074123792.3898048
2.56,32,43103.394594594596,4263.995080350846,5185243595.070271,958617640.4085505
2.58,32,40027.24,3455.0152658596267,3965791464.16,606465758.9232161
2.6,32,34953.712,2676.732139165936,2998684588.48,401272691.2075836
2.62,32,25414.484581497796,2598.4383789228045,2165099222.555066,489264095.89882815
2.64,32,33199.37414965987,2586.1605087455396,3055183236.680272,585325930.7101668
2.66,32,27589.115384615383,2561.7543020174894,2113083370.0,368180099.38685864
2.68,32,26746.875,2448.3321517051822,1854349304.5,307486650.7436875
2.7,32,26895.006802721087,2103.496206379673,2015367757.659864,356660427.7430237
2.72,32,20566.2,1383.5322775437007,1184809669.92,168164830.07553974
2.74,32,21539.18,1429.295067381036,1277009369.36,164214724.66086456
2.76,32,22222.4,1485.6864386433042,1372331729.12,218336987.13344413
2.78,32,18960.833333333332,1282.1557814380353,987496238.8333334,131574406.07919033
2.8,32,19085.75,1376.800631815554,1118711423.96,178892981.5923762
2.82,32,17319.14,1195.039092571732,868347316.88,140728265.17723647
2.84,32,17092.65,1082.0515197433178,758154136.68,104409324.22183979
2.86,32,14855.51,968.6866295764517,594153330.2,81734252.90698665
2.88,32,14130.84,987.8954359593141,588106161.12,89081294.15273674
2.9,32,13175.4,911.0427939832269,503932831.2,85665478.0002309
2.92,32,13671.21,921.3750440367896,524779029.96,75345324.49680069
2.94,32,12727.11,875.5159388122681,467059452.6,69307384.19612725
2.96,32,12473.87,848.5628114730488,442182653.24,60635073.65374793
2.98,32,13769.72,951.9361549913044,550268066.72,77573098.90036133
3,32,12642.71,881.6034582359038,469175472.92,65667138.892447524
3.1,32,10285.35,701.5988934382827,301701576.12,44024995.17589662
3.2,32,7446.07,533.7084509932522,168812865.4,27701271.140458014
3.3,32,7561.75,532.9696702784776,170235327.64,26208513.243748277
3.4,32,6856.19,482.98075356193493,139849547.0,23884443.286556944
3.5,32,6471.99,473.7485378869439,131213411.16,26391176.968338203
3.6,32,6438.84,454.58791839440033,123705947.04,18705754.46280004
3.7,32,4803.1,327.1532292663101,65667672.88,8808494.71610241
3.8,32,4479.11,321.5280141957518,61208029.88,10427209.667981451
3.9,32,4555.42,326.0187445016708,63054829.36,9666665.318332864
4,32,4824.73,361.7606249641275,75364905.16,11099900.790231315
4.1,32,4272.68,298.84852292091387,53801572.64,8839197.598920703
4.3,32,3652.0,246.82425386833748,37584296.8,5231694.659563303
4.4,32,3602.67,286.1775353281536,45574673.4,7847299.99389616
4.5,32,3090.95,231.40200846861066,30865767.8,5677760.0811957205
4.6,32,2756.26,195.28471079841066,22775239.6,3485666.1051163934
4.7,32,3062.07,210.1847047915912,26959071.96,3942255.4380335975
4.8,32,3344.88,238.98081652802244,33918873.6,5541087.684973674
4.9,32,3102.57,219.75683582208413,28846701.96,4625341.41013242
5,32,2488.8,163.32795775305186,16811248.8,2122088.3257194757
5.1,32,3181.23,205.7246405757628,26964735.96,3964160.976750786
5.2,32,2729.1,183.43102240769602,20839553.04,2695050.1644638847
5.3,32,2771.22,201.96236514184432,23913703.44,4685040.211293842
5.4,32,2505.46,179.30927752679054,19073833.36,2881223.3987726844
5.5,32,2635.67,173.14751038967776,18878895.32,2353617.371466519
