Temp,N,Q,Magetization,MagErr,Specific_Heat,SP_Err,Succeptibility,succepErr
0.45,32,2,0.15,0.020818606172727017,0.012073688271604937,0.0017925577526958043,0.0003743489583333333,5.862979177386596e-05
0.5,32,2,0.35,0.03334369597907287,0.024742089843750002,0.003094778913680581,0.0008642578125,0.00012082177620563175
0.55,32,2,517.1175,25.624197116730116,0.04132223334194214,0.003266329755722289,464.0060967573686,0.4775638745704112
0.6,32,2,501.8975,25.58867084251024,0.05644965277777779,0.004489460714512476,424.16033039347326,0.8603009321394408
0.65,32,2,506.83,25.52917961746671,0.0990604197485207,0.007589166569552159,389.7141768329327,0.41951120486140936
0.7,32,2,517.0975,25.45024255280421,0.14019406688456634,0.010529930180631577,359.64303570556643,0.40076423219777696
0.75,32,2,511.91,25.330585758788057,0.19610677083333333,0.013664890493222429,332.5179126302083,0.2158798756697082
0.8,32,2,489.4425,25.128632294422868,0.24438949584960934,0.020560482076780413,306.784602897644,1.4107376950907253
0.85,32,2,504.285,24.909970935974215,0.35474913494809696,0.027737360581262104,283.73529271024813,0.5419499057602437
0.9,32,2,487.825,24.5239999262628,0.37813163097993824,0.024177109552390115,259.7322909884983,1.35458513060771
0.95,32,2,533.755,24.012703319891795,0.5887854646381578,0.043012399437508064,235.90891239206417,1.174542376102941
1,32,2,527.555,23.399794811785995,0.7476756835937499,0.05353591265082122,212.81877634277345,0.9916188264367041
1.05,32,2,522.4275,22.37400475052924,0.929775169182256,0.063625212903186,185.30365954589843,0.9114542789023433
1.1,32,2,472.985,20.383211949138662,1.2474753841683877,0.08499591596906701,146.80417238547585,2.02103385264102
1.15,32,2,495.18,15.477600828657547,1.8197261748286866,0.11617085352807513,80.96462092391306,2.133609496963442
1.2,32,2,500.49,9.516580807629982,1.161240234375,0.07947132691016617,29.33367504882813,1.4517202671675162
1.25,32,2,513.960960960961,6.879153090784339,0.7475609844078313,0.06287372677958375,12.237477694473755,0.7816272852194922
1.3,32,2,511.4353741496599,6.96785819703104,0.7933887312321377,0.09328528301969632,5.288635981112749,0.5095256627346645
1.35,32,2,522.1920529801324,6.513075499719639,0.580284634833899,0.0695215254815107,4.572398470380603,0.4475770365271014
1.4,32,2,519.1932773109244,5.74574117928719,0.5672044853355507,0.07368289771710868,2.6945185571602592,0.29834605977798134
1.45,32,2,503.67,5.811883779114339,0.39544887039239,0.0672414479348313,2.229647831357758,0.2857789214368887
1.5,32,2,517.2977099236641,4.472303917022051,0.34354523985263746,0.04051711395580107,1.679913075068469,0.2015984237905147
1.55,32,2,512.9444444444445,6.230285754185677,0.30972058376610645,0.044748833805447995,1.7122551398845083,0.303858648929868
1.6,32,2,506.025,2.4020876336726387,0.3376357173919677,0.026071143986440354,1.401662826538086,0.10685387783143742
1.65,32,2,511.0125,2.160809376908163,0.29321449581037656,0.018983815552045237,1.0998534231474906,0.0672755430476198
1.7,32,2,513.9375,1.9798442874989346,0.2445300335207613,0.017156001423692793,0.8961877261891086,0.06359829672664756
1.75,32,2,515.035,1.9788479373872863,0.22453415178571434,0.0182571947544701,0.8697063476562501,0.05521229262038279
1.8,32,2,511.6475,1.8695083773831178,0.2263178771219136,0.015472510973734997,0.7546892598470051,0.0517675875247829
1.85,32,2,512.2075,1.7022724978205643,0.20594611001415267,0.015315596873721605,0.6087966869457347,0.041837430271377866
1.9,32,2,510.6475,1.8345304809171377,0.18980576956371195,0.013393592926082717,0.6884653802168997,0.04497705042357657
1.95,32,2,509.6475,1.73663648798984,0.18933189898709735,0.01430935285683598,0.6011309313651844,0.038203559620435826
0.45,32,3,0.4725,0.04646386051119112,0.028433159722222216,0.003375583126766896,0.0018646782769097222,0.0002361802442239426
0.5,32,3,1.1925,0.07846563050474907,0.0526814208984375,0.004576025651028087,0.00478602294921875,0.0005638680384063328
0.55,32,3,1011.0375,40.87750679748299,0.08911284139333676,0.007102650719396018,1180.8424380215731,44.77522286581977
0.6,32,3,1052.01,41.55229264026112,0.14438936021592885,0.010993336321110263,1118.47060530599,40.251347306963794
0.65,32,3,1005.765,40.63940230589066,0.2199772183570636,0.01555053968706913,987.5682313326323,37.46951202687569
0.7,32,3,1051.2525,40.69726751395595,0.34771891691246815,0.025741007043872038,919.6409580688478,34.21289801558278
0.75,32,3,1019.19,41.08762524514532,0.46617611762152766,0.03792016317179408,874.8763201822917,30.868682796637604
0.8,32,3,1033.215,39.80289985578212,0.549696340560913,0.03836080647800903,769.706730682373,28.722597315198747
0.85,32,3,1039.29,39.64574968938019,0.8247524380271412,0.053485521561264675,718.720755859375,25.68588681339044
0.9,32,3,1059.7575,38.77721769080076,1.1505593457634067,0.08572473348784451,649.376582784017,22.477711418738334
0.95,32,3,1060.97,35.085977368146516,2.284785075095222,0.1735921870915421,503.6506466899672,19.65761321417532
1,32,3,963.8433179723502,34.675170179425436,5.322386116582428,0.5061744872719145,252.45560318625368,17.137128621840414
1.05,32,3,993.3816793893129,19.59207199282963,2.1169127298278636,0.27488192014462337,46.056071343591924,5.92739358425615
1.1,32,3,1025.9545454545455,20.582694862284015,1.075904189086939,0.2083122239689165,15.805056920900634,4.704923641983619
1.15,32,3,1005.0185185185185,15.31377038358463,1.3524985835271666,0.2877976065641023,10.359157694895481,2.049192449218505
1.2,32,3,1012.1489361702128,12.70279648309496,0.9927132846687792,0.16530425730022072,5.912011674541648,1.1561614769042847
1.25,32,3,1009.6470588235294,14.267797022298012,0.5368560769896193,0.11235488155884209,5.093928416955017,0.9639071353373149
1.3,32,3,1025.98,10.386792385523833,0.6422940551035503,0.12762706015017558,3.8917214543269227,0.8655433685797843
1.35,32,3,1037.3783783783783,9.394586646482082,0.640381685489293,0.1610608576587477,2.23627343559776,0.47615412236354543
1.4,32,3,1028.344827586207,8.11701347857703,0.29688244110813183,0.09045198817139846,1.2424605460123999,0.2852556488527516
1.45,32,3,1002.7142857142857,12.470965692469953,0.5004091898538546,0.11754992582336495,2.727104042047854,0.6260877108704332
1.5,32,3,1026.0392156862745,7.95949550081233,0.2831776773890384,0.052712627426303976,2.0218535739459185,0.3820764509417232
1.55,32,3,1002.8,6.146280150096124,0.20311280567117584,0.04041009992310677,1.1429183467741932,0.2134162740505656
1.6,32,3,1025.4875,2.5582183471955036,0.2954300665855407,0.018970999262852808,1.5897948265075683,0.12792786838053424
1.65,32,3,1019.2225,2.3845022968795955,0.21922734984791098,0.015652440774003795,1.3393601998993845,0.09133577687175644
1.7,32,3,1026.1225,2.2953056324664414,0.2344249073279358,0.01700142199310167,1.204530959185432,0.08981769282169698
1.75,32,3,1026.0825,2.320888988529,0.23626012236926022,0.0161943124251468,1.1963452532087053,0.08760936459725355
1.8,32,3,1024.12,2.2600405956136873,0.20716529940381462,0.015425591673660869,1.1029245876736111,0.08036248795300892
1.85,32,3,1020.105,2.1783984663086726,0.1708447586628013,0.012692708145658805,0.9969853119721284,0.07427666255162794
1.9,32,3,1027.3625,1.9449436032799672,0.1957966964594875,0.013490869208102064,0.7738312570672287,0.05078927528705472
1.95,32,3,1021.2475,2.1686404085800035,0.16744303064390206,0.010868208563864971,0.9374029666215947,0.06663366421684969
0.45,32,4,0.945,0.07728040813019538,0.0354176010320216,0.00370184501138531,0.005158365885416666,0.0006043618608858586
0.5,32,4,2.2175,0.1240557833210252,0.07834726562499998,0.006738119362314595,0.011963269042968752,0.0011333433964192431
0.55,32,4,1505.0175,56.134243697395064,0.12648106598657022,0.00907736127692646,2226.7881697332205,92.86470978616218
0.6,32,4,1482.6975,56.29536904185445,0.22137585110134547,0.017593206226638892,2052.957382802328,85.07543325537232
0.65,32,4,1566.3175,57.83607551578024,0.31805219119822475,0.022362580055089402,2000.184783193735,77.27421413502427
0.7,32,4,1490.585,57.03042290910482,0.502410265864158,0.03306379442410161,1805.9303121861053,70.97388881247753
0.75,32,4,1540.5425,56.64386377805862,0.6095270833333333,0.0466100086267702,1662.7628752522787,64.21254184665355
0.8,32,4,1483.405,53.53091958813433,1.243451681137085,0.09463676922907728,1392.2116528015135,57.27173862643367
0.85,32,4,1524.33,54.012161477554876,2.031038459329045,0.14528073929530994,1333.9821933593748,49.689476170539784
0.9,32,4,1560.0230414746543,62.51723508671311,5.529342664412857,0.5425596621691895,911.8110003279842,50.82780897133401
0.95,32,4,1495.8695652173913,27.940703657326807,3.712561731950677,0.5457656381399496,53.77988275420357,8.584157294289788
1,32,4,1546.4615384615386,22.434881025752652,1.5895368487015118,0.32744250123238783,18.199110885108478,6.199872074950415
1.05,32,4,1524.6538461538462,21.74587352544428,1.269943998309383,0.37147819233416773,10.57234019486123,3.5660264249128577
1.1,32,4,1574.7058823529412,17.089647998378286,0.5476223136921272,0.16961556900967725,8.304673369180561,2.4840468049994144
1.15,32,4,1546.923076923077,18.1462435188707,0.876979362996499,0.3094234720919625,6.72174978293028,1.9244834746569346
1.2,32,4,1532.56,18.980534619563365,0.7607595486111113,0.2494243470001399,6.7548880208333335,2.524856727374828
1.25,32,4,1531.5454545454545,15.747256504059902,0.6445674070247935,0.2048380026107221,3.8834323347107436,0.9804094559952559
1.3,32,4,1551.6,21.95573549184023,0.47384083764792895,0.1585899726601441,2.9331730769230764,0.9494145381698493
1.35,32,4,1536.0,14.843629385474825,0.23498082360516223,0.14200941462269645,0.8196924603174602,0.5636421292361893
1.4,32,4,1518.0833333333333,11.969284611232215,0.5649281196853742,0.2953779820112932,1.007656521267361,0.35121364453882614
1.45,32,4,1544.1,25.61560577576218,0.327646588882283,0.15554065881037024,3.579532596982759,1.4541232459431788
1.5,32,4,1492.8333333333333,23.40669419916732,0.19338348765432095,0.08483988984809232,1.4862015335648147,0.7428610999168396
1.55,32,4,1535.75,11.676829105118484,0.3136422021331945,0.11272224830577315,1.5505843623991935,0.6451291060031811
1.6,32,4,1531.2725,2.6896227895717826,0.21929191589355462,0.015953434139907883,1.7573109397888182,0.1219615274483521
1.65,32,4,1543.9525,2.646208408072125,0.2177076069645317,0.015861363355879485,1.6494911480527936,0.10954518914282432
1.7,32,4,1535.6875,2.76699440693364,0.20533223188459668,0.012888400582360635,1.7504652135512409,0.11350691847707228
1.75,32,4,1534.9025,2.7820849362227977,0.1816510762117347,0.013597687699115044,1.7190502197265627,0.118844651661236
1.8,32,4,1532.6,2.855214140373382,0.17261239322615257,0.011963782973717349,1.7603162977430553,0.12597641764695644
1.85,32,4,1534.365,2.46624018011233,0.15825776506288805,0.010498700012387776,1.2778646405194256,0.09389798576454816
1.9,32,4,1538.3,2.6387728380711315,0.13910409858682476,0.009535899361717927,1.4244140625000001,0.09761353706614842
1.95,32,4,1536.1375,2.5402599783107283,0.1272285657051282,0.009490395805794824,1.2861972124148637,0.08754169128416867
0.45,32,5,1.72,0.12026524120839285,0.055953414351851846,0.004728160609538444,0.012492621527777779,0.0012200770074524074
0.5,32,5,3.725,0.17493213685511133,0.08730661621093748,0.0066543157667694605,0.023787841796875,0.0020630819562579028
0.55,32,5,2037.8725,72.0876892147518,0.18935980678589873,0.015906224907777013,3672.360966341885,156.2616869327572
0.6,32,5,1902.6325,71.4938340108103,0.3060533142089844,0.02067432163868358,3311.0959675191243,138.2954073860927
0.65,32,5,1999.03,67.93872913803467,0.4987041766826923,0.04272472964762794,2759.988828275241,128.697969889169
0.7,32,5,2090.2175,73.0397620625394,0.7270454873844069,0.055422054706375484,2962.1462893327994,115.03978138405928
0.75,32,5,1974.595,67.91543412757869,1.1447669704861108,0.08043738636368651,2390.3502551757815,105.03135382293577
0.8,32,5,2016.5125,63.290433689449785,2.1990447139739993,0.1392512073068759,1946.130682182312,88.1560522343567
0.85,32,5,2113.474074074074,99.35117808087686,8.673667179290018,0.9070426414454702,1508.3529893387397,109.6324924701244
0.9,32,5,2047.75,34.82610632493724,3.27298987809823,1.023311996436978,34.26390632750496,10.055804558864168
0.95,32,5,2079.5,40.19857733595448,1.178698012850108,0.413050468071882,16.74950315241228,5.553940823903123
1,32,5,2061.625,27.52063871997823,1.1583824157714844,0.2962399050716093,10.401107788085938,5.412296595928335
1.05,32,5,2058.6111111111113,24.217174678398614,0.9339224694507432,0.3480683264188359,8.757558168907995,3.3311181391454414
1.1,32,5,2030.6666666666667,39.9340868496703,0.8501061753902662,0.31640439179491714,18.499487058080813,5.518076515002039
1.15,32,5,2041.0,29.237646964145483,0.2609740427127436,0.11231485484928934,6.5992465415019765,3.2280843011113824
1.2,32,5,2044.0,15.939887076136998,0.2579842279327365,0.10399293481441567,1.8797348484848486,0.6568191746673595
1.25,32,5,2044.888888888889,32.32377436019638,0.3753858024691358,0.16217131516948816,5.804591049382717,2.706522270138124
1.3,32,5,2082.0,20.472785548060706,0.3785544049967126,0.1552729067870409,5.055171607905983,1.2134561532666346
1.35,32,5,2038.5833333333333,11.339580598693763,0.2208652156207133,0.06959552356343947,0.9379169479809673,0.3683386326704852
1.4,32,5,2042.857142857143,22.048590005196303,0.2701917820699709,0.19613200389548593,4.093476676384841,1.8845458189157693
1.45,32,5,2080.0526315789475,17.937730715892418,0.30030677599876154,0.10691254261281566,3.6953744388193708,0.8519401729272948
1.5,32,5,2018.6,16.563718987703083,0.1528862847222222,0.04752121501937715,3.2240494791666667,1.466336504785958
1.55,32,5,2039.851851851852,14.938206417026786,0.2079158155727701,0.07268186040677499,3.5200447890393387,1.1953851242690399
1.6,32,5,2048.02,3.29905666072285,0.21166378021240229,0.01654836789012101,2.64390234375,0.1846704550136017
1.65,32,5,2045.57,3.2910923717574754,0.2022555432700586,0.014088875327598326,2.551420513731061,0.1803495368455927
1.7,32,5,2047.0075,3.354981784429316,0.15167015841262976,0.010531784295895762,2.5734590095071233,0.18159749314226356
1.75,32,5,2046.055,3.1085705067460094,0.15464856505102043,0.010151572430898656,2.1461952985491073,0.16353585988347288
1.8,32,5,2045.925,3.068524695601029,0.1485207169144242,0.00994549194975273,2.033164808485243,0.1464273432823494
1.85,32,5,2052.73,2.9012499718524793,0.1455726979090577,0.009780122930567051,1.7684159100506756,0.1304264366967569
1.9,32,5,2047.2775,3.1626532528109403,0.13147289836175555,0.009295204935183649,2.046140262001439,0.14479213852665584
1.95,32,5,2050.3575,3.090472397336213,0.13414102146768161,0.009173862208431345,1.9037107841296075,0.14075034624377075
0.45,32,6,2.2025,0.15213254510278654,0.05405451268325619,0.004457695277672838,0.01999022081163194,0.002110731282166129
0.5,32,6,6.0125,0.25171365117415484,0.12830380859375004,0.008445710514970667,0.04925262451171876,0.0041840351304365305
0.55,32,6,2682.6075,86.31667340728093,0.22208788658961773,0.016106744499723637,5265.17175682484,233.37738576821062
0.6,32,6,2527.4225,82.79159679387541,0.36719629923502595,0.026718868452960728,4440.246808258056,200.73129531818734
0.65,32,6,2521.9075,88.92444367859626,0.7224382714265902,0.053973710568219216,4728.406443725586,193.41495970184403
0.7,32,6,2535.135,84.39222798848787,1.1212288245376276,0.07578622891190426,3954.5102773088734,169.80373172728517
0.75,32,6,2511.9325,82.13734738618372,2.2151432291666664,0.17350596285121184,3496.277751228841,149.86709791400838
0.8,32,6,2799.9868421052633,159.39591462035926,7.618420672218554,2.2640556320515066,2295.4792060746377,269.949253903411
0.85,32,6,2583.1428571428573,38.86992961881226,1.298135675838963,0.29628138959741585,33.063537915166066,9.379604485989098
0.9,32,6,2551.875,46.58954341432776,3.060781219859182,1.1529102596456793,33.120507134331596,12.992585555822298
0.95,32,6,2560.5,28.922668639765604,1.6450841711979756,0.6100088011393566,13.806337947733917,5.201880320427635
1,32,6,2540.074074074074,21.76752683776725,0.6879608196159123,0.14814120841554365,11.585136424039781,3.908029150718399
1.05,32,6,2563.818181818182,29.351598996244814,0.42900596877869596,0.20582094270521478,7.284195444706809,3.6159946681620014
1.1,32,6,2574.9032258064517,13.664825472618713,0.5181363598739259,0.1414969187185311,4.812783795288997,1.360612054304784
1.15,32,6,2564.3076923076924,21.75873299478764,0.3583092261272246,0.10982284699480216,9.664426292770777,2.582818844731406
1.2,32,6,2579.7894736842104,21.0674371265827,0.43924272372268397,0.125073729074379,6.159332078139429,1.6833613373641925
1.25,32,6,2533.714285714286,18.36108199987821,0.06647002551020409,0.02251544053700906,3.1794005102040814,1.0628015053679727
1.3,32,6,2533.6666666666665,25.906080367357774,0.0536042853751187,0.024041887517042924,3.585069444444444,1.5908738675927583
1.35,32,6,2577.315789473684,20.280905790942818,0.34978117673434167,0.11405159121740198,5.0737887298655995,1.444799020992378
1.4,32,6,2551.0588235294117,18.628244387772785,0.15528385067262204,0.046983899778257045,3.6450786656574397,1.2365196005746897
1.45,32,6,2584.5416666666665,15.924441055696718,0.16404982365363655,0.03796979034678315,3.764478895399305,1.4119468089735134
1.5,32,6,2584.576923076923,11.714356740605096,0.0893506533530572,0.026458369354028833,2.14759480553501,0.6412703390869243
1.55,32,6,2556.4444444444443,16.868558049602772,0.16083592073907066,0.03948673946854123,2.878389772500996,0.8604432686154223
1.6,32,6,2561.2975,3.7269136155917395,0.17976707220077512,0.011598388931935643,3.3741509971618653,0.2584833384796091
1.65,32,6,2560.6075,3.681346283594246,0.14350644002166554,0.010443905376550546,3.1923848507043098,0.22836652933245302
1.7,32,6,2558.0575,3.5870604369737387,0.14137355500851537,0.00966142536995883,2.9418079008214617,0.20654884050026578
1.75,32,6,2564.6825,3.4995911735042897,0.14472622568558674,0.010009630187945776,2.7200846505301337,0.18819662762100853
1.8,32,6,2563.59,3.7883469900809272,0.14234200183256174,0.01036143607611441,3.098937662760416,0.19592987890267866
1.85,32,6,2561.1775,3.5015342444510416,0.13007106115036063,0.009302138165818818,2.5759111031197213,0.19693703686575137
1.9,32,6,2554.535,3.2387270871079044,0.10214491910221174,0.0070725765109393365,2.145759033203125,0.15917495498885548
1.95,32,6,2559.1625,3.440713412598295,0.10564820218760275,0.006883931037980909,2.359653492462941,0.15818611219703496
0.45,32,7,3.1375,0.17133469816886265,0.06534227912808642,0.004776478087670236,0.025355021158854164,0.0021373709798772336
0.5,32,7,7.8825,0.2924660350895796,0.13169912109375,0.009129945363535487,0.06649158935546874,0.005329314909981995
0.55,32,7,3120.1875,103.55205139774802,0.3284503325154958,0.02569957943364448,7577.755135553532,337.6006932437095
0.6,32,7,3132.6825,100.48839037548997,0.5159453667534722,0.04353556516623774,6541.33471955363,286.5230156471546
