Temp,N,Magetization,MagErr,Specific_Heat,SP_Err,Succeptibility,succepErr
0.8,5,24.995,0.005006261743219226,0.009974999999999998,0.009987429521225482,0.00049875,0.0004993714760612744
1,5,24.985,0.008649340314156933,0.019056,0.010932419578487597,0.001191,0.0006832762236554748
1.2,5,24.94,0.01710147579872237,0.051733333333333326,0.014325047200433393,0.0038800000000000015,0.0010743785400325035
1.4,5,24.76,0.036229194986664,0.15459387755102044,0.024076036377684528,0.014925714285714289,0.002544137658128029
1.6,5,24.38,0.07116382365482912,0.29473593749999993,0.0343973996894376,0.050390000000000004,0.009293491000813382
1.8,5,23.935,0.10977071668318673,0.4403703703703704,0.04820264831379467,0.1065727777777778,0.024904681833969648
2,5,22.825,0.18155728218534795,0.696636,0.06594199185184807,0.2623875,0.04482035260150786
2.2,5,20.92,0.2551649246305161,0.9324429752066116,0.06219941246838544,0.47115636363636343,0.053555943567177015
2.4,5,19.57,0.29660931470718904,0.9524715277777778,0.053182092036119136,0.5835849999999999,0.05062926252283121
2.6,5,17.35,0.34084291598925953,0.8721650887573964,0.046590161328587044,0.7113461538461539,0.04539762592614377
2.8,5,14.775,0.36173454226975604,0.734770918367347,0.04147370663846845,0.7439910714285715,0.03696831678832483
3,5,13.165,0.350313815525704,0.6035871111111111,0.03770167341917572,0.6512370000000001,0.031253080511622205
3.2,5,11.24,0.34525535665446894,0.4741312499999999,0.03445975397804015,0.59303,0.029314589966460126
3.4,5,10.31,0.32401236692372437,0.35324013840830454,0.02583558421737538,0.491575294117647,0.025256869150324445
3.6,5,9.56,0.30804197152253787,0.2738762345679012,0.02303191476774195,0.41962666666666665,0.022879324871282598
3.8,5,8.62,0.2870548509155006,0.22962770083102493,0.022037865375423824,0.3452168421052632,0.022896208587530376
4,5,8.755,0.2965028799639135,0.25113975,0.01887144407612718,0.34989975,0.02017559527719764
4.2,5,8.275,0.2766643724444013,0.1789185941043084,0.0169464037305385,0.2901369047619048,0.018842722546298256
4.4,5,7.625,0.27067379094333593,0.1606603305785124,0.013709615532772822,0.26508522727272726,0.017942454922649866
4.6,5,7.24,0.24269349504437507,0.1284459357277883,0.009431340471384435,0.20384695652173918,0.013323541453668286
4.8,5,7.065,0.2552248597253079,0.11794982638888889,0.008545779607429747,0.21604812499999998,0.014085485363281375
5,5,6.71,0.23120704875196224,0.09611775999999997,0.008099434552236811,0.1702072,0.012487727842852686
