Temp,N,Magetization,MagErr,Specific_Heat,SP_Err,Succeptibility,succepErr
0.8,5,25.0,0.0,0.0,0.0,0.0,0.0
1,5,24.99,0.007071045603839867,0.012736000000000003,0.008982886347192392,0.0007960000000000002,0.0005614303966995238
1.2,5,24.945,0.017861429376040912,0.048775,0.01579738500349287,0.0042325,0.001599115069872329
1.4,5,24.745,0.04552788692119329,0.16795918367346943,0.0309740036146848,0.023570714285714285,0.007632631365109821
1.6,5,24.455,0.07786342642032211,0.25959999999999994,0.0385141754742826,0.060324374999999986,0.02534535299054348
1.8,5,23.71,0.12212382210569503,0.5216975308641976,0.05837370903673771,0.13190888888888888,0.02533154950176301
2,5,23.02,0.17057048281789702,0.6312,0.06919999817774836,0.23159200000000002,0.04785239686623451
2.2,5,21.545,0.23677499679132713,0.7860752066115702,0.053036189691861475,0.40569045454545444,0.05481573900470117
2.4,5,19.155,0.30665048898741104,0.9838222222222223,0.054714384211187274,0.62376625,0.05099052301066434
2.6,5,16.885,0.352508827159925,0.8987449704142011,0.05016842016665981,0.7608734615384616,0.04494860017260637
2.8,5,14.86,0.3670473768612159,0.836632142857143,0.04604824919173174,0.7660057142857143,0.03674541572164371
3,5,12.745,0.3369412037959788,0.5407555555555555,0.03534052350361752,0.6024663333333332,0.028453298827941335
3.2,5,11.75,0.3339169895363744,0.4456152343749999,0.029925834359329915,0.5547187499999999,0.02723632478527503
3.4,5,10.35,0.334593506163437,0.4229726643598616,0.0313221292803699,0.5242058823529412,0.02791017827337716
3.6,5,9.465,0.3120427572384253,0.30734537037037035,0.02458180962939705,0.43059749999999997,0.023524195707631076
3.8,5,8.65,0.29123410930720117,0.22989224376731301,0.018093836229423448,0.3553421052631579,0.020795160383649126
4,5,8.75,0.29149281165383367,0.212,0.018410285147577147,0.338175,0.02067432113442543
4.2,5,7.76,0.262966394100753,0.15046167800453514,0.012607877231279768,0.2621180952380952,0.016636340395387448
4.4,5,7.535,0.25521501509068795,0.12777499999999997,0.010584864178955973,0.23567068181818174,0.014962478417399774
4.6,5,7.22,0.26157346147789,0.13595444234404538,0.011393838917539374,0.23679652173913046,0.01605916842605648
4.8,5,7.465,0.2634979304511037,0.14104166666666665,0.011921925768850171,0.23028145833333333,0.015628662973735503
5,5,6.61,0.23970121874350464,0.11031535999999999,0.009315505361030681,0.18294320000000006,0.012988789519173469
