N,temp,Xi,Xi_err
5,0.8,0.0,0.0
5,1,0.0007960000000000002,0.0005614303966995238
5,1.2,0.0042325,0.001599115069872329
5,1.4,0.023570714285714285,0.007632631365109821
5,1.6,0.060324374999999986,0.02534535299054348
5,1.8,0.13190888888888888,0.02533154950176301
5,2,0.23159200000000002,0.04785239686623451
5,2.2,0.40569045454545444,0.05481573900470117
5,2.4,0.62376625,0.05099052301066434
5,2.6,0.7608734615384616,0.04494860017260637
5,2.8,0.7660057142857143,0.03674541572164371
5,3,0.6024663333333332,0.028453298827941335
5,3.2,0.5547187499999999,0.02723632478527503
5,3.4,0.5242058823529412,0.02791017827337716
5,3.6,0.43059749999999997,0.023524195707631076
5,3.8,0.3553421052631579,0.020795160383649126
5,4,0.338175,0.02067432113442543
5,4.2,0.2621180952380952,0.016636340395387448
5,4.4,0.23567068181818174,0.014962478417399774
5,4.6,0.23679652173913046,0.01605916842605648
5,4.8,0.23028145833333333,0.015628662973735503
5,5,0.18294320000000006,0.012988789519173469
