N,temp,Xi,Xi_err
32,0.45,0.00029161241319444444,4.818961275874e-05
32,0.5,0.00073973388671875,6.811155265916883e-05
32,0.55,0.0016017400568181818,0.0001586567412488131
32,0.6,0.0030709228515625004,0.00029779285114140617
32,0.65,0.00495703125,0.0004975900638847092
32,0.7,0.00855670166015625,0.0007582511050626388
32,0.75,0.012867635091145831,0.0009141365427414284
32,0.8,0.019792602539062502,0.0015483831016050518
32,0.85,0.03566158519071691,0.0031361378953631853
32,0.9,0.046509813096788206,0.003931412709121546
32,0.95,0.09366117778577304,0.01020745841438154
32,1,0.1853558349609375,0.016788339124964843
32,1.05,0.4202509084866439,0.04272753257479959
32,1.1,1.7197213289431637,0.39051489898330655
32,1.15,63.036503891175705,16.383926155799042
32,1.2,27.54360155771733,5.388927538817304
32,1.25,14.17573155510355,2.458146262026194
32,1.3,6.2388799198978235,0.7536615070504609
32,1.35,4.1115272379718535,0.5110923743191811
32,1.4,3.0143154013733113,0.29526318390253475
32,1.45,2.4214568630321334,0.2211246055887401
32,1.5,1.74647388097557,0.1319630010219943
32,1.55,1.5114415322580645,0.10642897832326823
32,1.6,1.2238371429443358,0.09409434367861853
32,1.65,1.1493907433712123,0.08215530465004522
32,1.7,0.9382112247242648,0.06681727087608255
32,1.75,0.818914564732143,0.058251385528894764
32,1.8,0.8518181660970052,0.06294432100641095
32,1.85,0.6618470096072635,0.044403924514462435
32,1.9,0.6611942845394737,0.040794744037166916
32,1.95,0.5980313470302484,0.04401390979238075
