N,temp,Xi,Xi_err
32,0.45,0.0005642361111111113,0.00038011059768849973
32,0.5,0.0005615234375,0.00031992568824183563
32,0.55,0.0009366122159090908,0.0002469721728703956
32,0.6,0.0020345052083333335,0.00106722685912637
32,0.65,0.0030761718750000003,0.0008297686799849961
32,0.7,0.005454799107142857,0.002028654368026821
32,0.75,0.026549479166666667,0.013527406337897027
32,0.8,0.02630615234375,0.010910175197626193
32,0.85,0.012856158088235295,0.0032521593431020486
32,0.9,0.08934461805555556,0.021369007708376034
32,0.95,0.06244603207236843,0.03258122677329622
32,1,0.17894531249999998,0.06571179324258461
32,1.05,1.217157273065476,0.8210611268009603
32,1.1,1.35125670770202,0.4498527655789301
32,1.15,21.688763162364133,13.585904543827937
32,1.2,17.887550636574073,18.16489354204977
32,1.25,5.069482421875,3.4411343444586686
32,1.3,7.474646935096153,2.9482587839932846
32,1.35,4.900933159722222,1.457692899566166
32,1.4,3.941411944241982,2.5718494593190475
32,1.45,3.3717941810344834,1.547640750199549
32,1.5,1.015390625,0.3359239529960094
32,1.55,0.9592915196572581,0.27226821634067766
32,1.6,1.5356811523437501,0.48525280770909757
32,1.65,0.9671090790719697,0.22935780603319839
32,1.7,0.6923411649816177,0.2034726994546816
32,1.75,0.5777678571428572,0.16032761183850827
32,1.8,0.8813151041666666,0.2693442970209067
32,1.85,0.8116804793074324,0.24724566855270563
32,1.9,0.5974198190789475,0.14222938800960971
32,1.95,0.7863218649839744,0.19773991053313528
32,0.45,0.0020616319444444445,0.00141362831693288
32,0.5,0.0036865234375,0.0014079958081562294
32,0.55,0.004012784090909091,0.0009985702536530203
32,0.6,0.017903645833333336,0.00490095266155438
32,0.65,0.023287259615384616,0.006976426629414499
32,0.7,0.03297991071428571,0.01967427828177001
32,0.75,0.06761393229166668,0.023515673294132802
32,0.8,0.07872009277343749,0.022313574553090045
32,0.85,0.22449448529411767,0.06873738566467377
32,0.9,0.4810628255208333,0.15184127720151372
32,0.95,6.092465049342105,4.286625004003251
32,1,11.2734375,7.902977817046948
32,1.05,19.558928571428574,17.440263154201006
32,1.1,16.658517263986013,6.572088195949804
32,1.15,5.199932065217392,4.494280145581477
32,1.2,8.64469039351852,2.8726651146974107
32,1.25,3.81934799382716,1.8058509206194917
32,1.3,1.8043118990384615,0.5702988535028131
32,1.35,3.7692853009259264,1.0988067722829442
32,1.4,2.2600376674107148,1.2294018209632678
32,1.45,2.490468413254311,0.6107521705775881
32,1.5,1.6596012369791666,0.5618216130040344
32,1.55,3.2682333669354837,1.9129231346668834
32,1.6,1.6284347534179688,0.4740189641673637
32,1.65,2.0425825639204547,0.5741696128403778
32,1.7,0.6662037568933822,0.14769263086610201
32,1.75,1.059033203125,0.5099847514768552
32,1.8,0.6343031141493055,0.15869983167798754
32,1.85,1.1121872360641893,0.4316030258634017
32,1.9,0.963759251644737,0.36052279290092853
32,1.95,1.292197516025641,0.42279007660008827
32,0.45,0.005555555555555555,0.001686811870199455
32,0.5,0.01318359375,0.003123545404178901
32,0.55,0.026966441761363633,0.006874939702303594
32,0.6,0.053137207031250015,0.024971663549953255
32,0.65,0.129296875,0.029152338789540044
32,0.7,0.1873046875,0.07688329922401886
32,0.75,0.3769010416666667,0.10641810213982779
32,0.8,0.6116302490234374,0.15018626749442446
32,0.85,0.4846507352941176,0.1514375008972264
32,0.9,1.4857875164365548,0.5776297497614852
32,0.95,88.8440583881579,69.40653890264248
32,1,23.95791965060764,10.149091184902733
32,1.05,8.521700655114117,3.1364038229611935
32,1.1,3.814731516554433,1.7220987084942656
32,1.15,4.905050526494565,1.524789609936332
32,1.2,4.556907145182293,1.2606248071076394
32,1.25,7.011984375,2.007884576746904
32,1.3,4.086859600360577,1.3685847056501088
32,1.35,2.7823640046296294,0.9554552392334081
32,1.4,1.7947317940848213,0.44173216895119954
32,1.45,2.801932920258621,1.179488909312975
32,1.5,3.2483072916666664,0.9522526499284386
32,1.55,2.281519342237903,0.4853092012397358
32,1.6,1.2340988159179684,0.3156492423327129
32,1.65,1.1779282078598488,0.5778400857517701
32,1.7,1.7763097426470589,0.39149940433485486
32,1.75,2.0374148995535712,0.501152642602501
32,1.8,0.772113715277778,0.225890190373223
32,1.85,1.8739165434966212,0.5361056411903654
32,1.9,1.156229440789474,0.33238592773417475
32,1.95,0.7876302083333333,0.18453667392822398
32,0.45,0.007031250000000001,0.002190407879610277
32,0.5,0.01921875,0.014941190830248549
32,0.55,0.09220081676136364,0.03185665540537935
32,0.6,0.08658854166666667,0.019515663928705528
32,0.65,0.12182992788461539,0.044981370275892364
32,0.7,0.34493582589285715,0.08967711480061515
32,0.75,0.8065462239583333,0.27306336375041923
32,0.8,2.7167327880859373,0.9209931390086874
32,0.85,1.4120978860294118,0.43719799482076305
32,0.9,62.58289930555556,50.994346919806304
32,0.95,33.68935032894737,27.792294924865764
32,1,19.695112847222223,7.81119742276695
32,1.05,12.352914961557538,5.012977715471276
32,1.1,9.846437766335226,3.1042038399939873
32,1.15,3.064546535326087,1.0007680513165451
32,1.2,6.252840169270834,2.2746106497720064
32,1.25,3.6078437499999993,1.4111471536681566
32,1.3,5.471550105168269,1.2893803692171926
32,1.35,4.404448784722222,1.806576549189281
32,1.4,2.428145926339286,0.970105048716225
32,1.45,2.9881802262931036,0.833606792676464
32,1.5,4.2336246744791675,1.5210678649224414
32,1.55,4.696547379032259,1.3067982568657328
32,1.6,1.6952804565429684,0.5161168658127302
32,1.65,1.9206838896780305,0.9549011867433312
32,1.7,1.8063232421875,0.47791506021111696
32,1.75,2.4946484375,0.7779450175329313
32,1.8,1.9124348958333333,0.7276930043137819
32,1.85,1.325246779983108,0.30902134900982947
32,1.9,1.4997892680921052,0.4136471071677432
32,1.95,1.9870930989583335,0.3815368537695218
32,0.45,0.016118706597222223,0.004991308820021154
32,0.5,0.085234375,0.015982947121302507
32,0.55,0.06789772727272728,0.02748782383663871
32,0.6,0.15697835286458334,0.05903759975721303
32,0.65,0.10883093422849338,0.0324016613684388
32,0.7,0.9230050223214284,0.25412684717694517
32,0.75,0.6117129629629631,0.25188619437643417
32,0.8,10.047230661651234,5.519903913185026
32,0.85,31.582429846938776,20.60914722334935
32,0.9,6.435516734182099,2.964466779718219
32,0.95,21.69911595394737,7.95220596649482
32,1,9.435775756835938,2.9330772349177168
32,1.05,8.940438988095236,4.316268448692943
32,1.1,8.670674272017044,2.336408790447499
32,1.15,8.49469047214674,2.582295246187319
32,1.2,7.536092122395834,2.805006230048534
32,1.25,8.8644140625,3.284447165898868
32,1.3,3.335569411057692,1.1821759742326319
32,1.35,3.18644386574074,1.061992059812056
32,1.4,3.860916573660714,0.8568102986533861
32,1.45,5.0306169181034495,1.3562039693056391
32,1.5,2.7865625,0.5347154147115055
32,1.55,2.372597971270161,0.7358729140510494
32,1.6,2.4845214843750005,1.071704327218996
32,1.65,3.8054258404356065,0.9640128810470642
32,1.7,3.0989128561580883,0.9001797900290283
32,1.75,3.282827845982143,1.2143134700853129
32,1.8,2.295077853732639,0.8434255853923901
32,1.85,3.6415698902027023,1.0772585628148905
32,1.9,2.759841437088816,0.7405473337930863
32,1.95,3.7075959034455135,1.2236294822749654
32,0.45,0.037646484375000004,0.015376352936891345
32,0.5,0.12111328125000001,0.01786069126145515
32,0.55,0.16393377130681816,0.047598423005472436
32,0.6,0.47981770833333337,0.15661396683171097
32,0.65,0.7715256911057694,0.3056899606885429
32,0.7,0.7798466557480982,0.32421070850425965
32,0.75,3.4944531249999997,0.9371745989622
32,0.8,17.67911071777344,7.098204634096499
32,0.85,20.442087430386355,8.343682523017172
32,0.9,18.733435736762154,6.352767491226217
32,0.95,20.760912897288236,5.4954871940422905
32,1,11.404013671874997,3.1147936849491007
32,1.05,11.732338169642855,4.269463811008946
32,1.1,10.626997514204545,4.520070548949508
32,1.15,13.858854874320654,3.320393324228036
32,1.2,5.894439697265625,2.2040537455522937
32,1.25,6.957458984374999,1.7961478090371692
32,1.3,7.875818810096154,2.7419973028899274
32,1.35,5.991073495370371,1.5406412904532367
32,1.4,5.516146414620538,1.6371787239887465
32,1.45,2.715333714978448,0.6819697500365529
32,1.5,3.958307291666667,1.5751660095194415
32,1.55,4.46140845514113,1.3870060903269366
32,1.6,3.5783325195312496,0.6379199856632735
32,1.65,4.4477627840909095,1.5735662778918966
32,1.7,4.139951459099265,1.1136618331299482
32,1.75,3.332533482142857,0.9350009947355092
32,1.8,2.6366644965277777,0.8713240339111625
32,1.85,4.931454550253378,2.040613500457441
32,1.9,2.537438322368421,1.2200089472490303
32,1.95,2.0302984775641026,0.6696912910201812
