Temp,N,mag,mag_err,sp_heat,sp_heat_err,sucep,sucep_errM2,M2_err,M4,M4_err,U,U_err 
2,32,932.39,1.5028133197676976,0.78657333984375,0.057384529900157015,0.438900341796875,0.048171769954248225,870249.98,2746.1032417777774,760336397582.48,4617468798.939569,-1786.66,2.845159939628366
2.05,32,911.17,1.7978372122755546,0.8157811338117192,0.0595760787221197,0.6128196932164635,0.06111054677136967,831517.2,3208.54573969774,695518196406.72,5157931077.227788,-1743.99,2.9699406321289046
2.1,32,887.87,2.148770571104022,1.011892161812642,0.06797150196775618,0.8545680338541666,0.09018907416889402,790150.8,3716.0351858097715,629834270428.8,5642779504.781257,-1699.87,3.3883907614546325
2.15,32,855.535,3.280583532719292,1.12957375608437,0.10287022188791113,1.945582201580669,0.43033628243530525,736223.53,5038.179483978707,552127684083.88,6644390974.066164,-1648.52,3.6652435236797007
2.2,32,797.6,4.9831721648052865,1.3760394942858984,0.10298360569718533,4.387073863636363,0.8188902440398502,646048.96,6785.3362986514,435703607716.0,7654869937.766652,-1575.59,4.139474471377932
2.25,32,714.885,8.208443123650484,1.8009953703703705,0.13178536952487024,11.639247732204861,1.3913965529656354,537877.39,9493.572916565043,325183226828.44,8687079796.099794,-1505.4,4.843350452450691
2.3,32,582.64,10.893889037515242,1.8691878655186671,0.11866584494732862,20.055057065217387,1.426051687489554,386703.04,10626.447169846626,194482232471.2,7653281465.174343,-1403.71,5.043841037341504
2.35,32,441.705,11.080685811028365,1.6700528908725665,0.12224585680798411,20.307256887882314,1.0271774295478076,243970.69,9489.67611605067,95363395923.4,5736377064.487212,-1319.21,4.871245900860911
2.4,32,304.045,9.764149586980263,1.2023252868652345,0.08665153591265685,15.439863271077474,0.8073774151725773,130388.37,6782.732269895119,35311413948.84,3046977532.413663,-1232.87,4.221135666995577
2.45,32,266.14285714285717,10.024423575187264,1.1349034484836893,0.10380783585978752,11.696089628453421,0.9097149908956029,100175.1700680272,6658.934970557491,22982908682.394558,2947632733.311719,-1190.0544217687075,4.887666503573311
2.5,32,210.63945578231292,8.631722377656763,0.9373408359942615,0.07526107153126844,8.498511615530568,0.547756867974821,66125.1700680272,4443.078867187747,10136962610.068027,1095429851.1175797,-1135.4421768707482,4.53257293047924
2.55,32,187.31410256410257,7.237639440768392,0.7145368995523015,0.060066901334253416,6.218991094020922,0.5083878931488461,51325.60256410256,3533.5315846400867,6504969589.794871,905466862.298373,-1092.0897435897436,3.9175937426449665
2.6,32,155.61216730038024,7.090050324536575,0.6671782707451546,0.050763345872646505,4.928016634216418,0.4432952910653367,37335.498098859316,3029.0301704737235,3788655509.2319393,591599142.9443301,-1051.0266159695818,4.206499638233549
2.65,32,134.75641025641025,5.965195704883192,0.5920579169425597,0.04750388977885334,4.065086080156891,0.3358775890270881,29190.30769230769,2300.6471096391024,2492913936.0,345699629.71988124,-1018.3589743589744,3.705909902880368
2.7,32,130.89795918367346,5.62233932360139,0.6055635350077995,0.04733056551798812,3.3385531555781793,0.3101179033456353,26364.7074829932,2094.1702881532347,1975693082.6666667,324694916.4309066,-986.530612244898,3.9345914610100077
2.75,32,117.65765765765765,4.889982989223764,0.5513345971986431,0.03851141681551487,2.810696676406136,0.21311064976636482,21758.246246246246,1568.7145993661431,1287975148.3003004,170112135.32002997,-952.1201201201201,3.5914872436411818
