Temp,N,mag,mag_err,sp_heat,sp_heat_err,sucep,sucep_errM2,M2_err,M4,M4_err,U,U_err 
2,32,932.1988742964353,1.221623640927832,0.6962427212510868,0.04247161475587881,396.22412694613314,46.183260861082786,890662082.0412757,2285010.526224339,777393994336759.4,3847457602549.348,-1827215.6097560977,2373.079222167294
2.02,32,927.1594746716698,1.3139722207197364,0.8072005964299647,0.05261154312519678,453.8549260239148,35.519429014880366,881194473.9061913,2460192.383698488,761442982836274.0,4136782263972.9717,-1816702.799249531,2580.7385768002164
2.04,32,916.7054409005628,1.4251625759353022,0.7867234841097641,0.044414404673936224,528.682222548457,44.866364924987515,861621634.1613508,2628491.792245529,728574722666411.5,4296750888719.3276,-1796645.463414634,2573.0198208655374
2.06,32,910.38125,1.9934284572022358,0.8367838514818637,0.0643713195472191,613.4306545813107,73.42383551639736,849979072.0,3630727.9692417798,709625389696153.6,5802380786946.619,-1779737.6,3462.6460995201305
2.08,32,902.525,2.1633087794276293,0.8440390141052606,0.07791769231793462,715.4924879807692,116.60868007910771,835624550.4,3850035.0367684187,686505933929472.0,5929018871070.115,-1766297.6,3511.388130728435
2.1,32,892.19375,2.578670481093768,1.0850289965432784,0.09618982621350754,1006.9404575892858,139.7164462923105,817279244.8,4527364.465493576,658655745368320.0,6796467983399.843,-1743961.6,4019.520130721658
2.12,32,877.64375,2.9801269612916994,1.0746716519359507,0.07674518641099948,1332.1865971403302,294.73709065604606,791636774.4,4979747.026852023,619701744198604.8,7057669155086.61,-1722905.6,4038.3875888857774
2.14,32,866.5,3.248423431927127,1.0339717113645808,0.08028510415611968,1568.0607476635514,258.5864344650774,772278169.6,5398222.889775995,591484804690124.8,7441979164430.573,-1700928.0,3998.548267803893
2.16,32,848.24375,4.255830808054465,1.1473512780355655,0.08139085457067845,2666.529206452546,980.0370457867967,742683814.4,6152104.6804815065,550405424906086.4,8035605607559.534,-1676556.8,4251.441368218952
2.18,32,817.575,6.278950852549183,1.255276528043725,0.09451806550712995,5751.075401376146,1404.9212882677164,697309414.4,8196257.74499187,495706481630105.6,9095786701957.371,-1651200.0,4488.078441057096
2.2,32,802.8684210526316,6.04410432131482,1.3726476863947645,0.12361669657209458,3752.8230714345673,624.5020262815469,668522406.1754386,8970702.999813972,454208568647320.7,10335248424388.006,-1615243.2280701755,5618.155083472847
2.22,32,784.0263157894736,6.903807346906248,1.5256091792017867,0.14444585599678209,4852.228232387511,1084.8041552718232,640480471.5789474,9677370.474300489,421270394596944.8,10909382609525.98,-1595966.8771929825,5976.7642029681665
2.24,32,739.938596491228,9.088663193477291,1.7698240891469532,0.16111373355246683,8334.294995987775,1431.091811362762,579766218.1052631,11479457.44937936,357335215647043.4,11118609193184.62,-1552294.1754385964,6495.380102738841
2.26,32,667.7514124293785,13.874154288576761,1.813093100219746,0.2032545108210198,14905.847362999082,2474.2384100374916,491089063.7740113,15232221.018958746,275169313392443.3,13181597878716.332,-1508369.3559322034,7537.761501969151
2.28,32,650.8275862068965,13.70173327278659,1.572369953583084,0.19732801018309717,11775.33178964057,2123.317895231562,461234486.73103446,15294319.279765641,240418829965156.62,12782528781847.209,-1482836.7448275862,7834.001658052841
2.3,32,563.560975609756,17.775867806156615,1.3857507071197783,0.1552420623685375,16624.4902533861,2307.8639308277693,364377396.03252035,17887439.712386835,167469441874502.75,12962115629366.316,-1431435.4471544717,8065.161168751505
2.32,32,537.5934959349594,19.982146819956927,1.8091815509488003,0.20432274289096433,20826.23939864294,2710.2281065615243,345419409.6910569,18575444.072531726,157293042650370.1,12812905940016.7,-1407392.2601626017,9295.477844837236
2.34,32,474.3414634146341,20.464029799217432,1.661646420036234,0.1900510010501519,21656.13806732189,1898.7433269712324,282291391.4796748,18695139.824551243,119122822123286.89,11544592448332.996,-1372426.406504065,8985.20159487797
2.36,32,444.48936170212767,19.909883370252448,1.7325816466010142,0.2599774255955563,15454.802963224409,1666.6502528806234,239661186.72340426,18327022.076193888,86271478049857.36,10950864073635.242,-1337605.4468085107,10611.81746327575
2.38,32,351.1190476190476,24.326118157402313,1.5195384344964475,0.2831012169584214,20391.330579850986,2020.0244868042087,175939535.23809522,18653224.970456485,58095871077619.81,9473468411584.6,-1312524.1904761905,10615.59368366348
2.4,32,358.5263157894737,23.610238635410962,1.386403054154884,0.23166832784765667,17190.893351800554,2254.684720067787,173874445.47368422,18801372.668321937,55073587349611.79,10180992910517.17,-1272185.2631578948,10763.449130779958
2.42,32,279.6949152542373,23.43299773862919,0.9121352463374065,0.11535403363704834,12937.319711966495,1796.7101603461172,112166460.7457627,14608532.466844058,24169196884037.42,5190195938452.303,-1239074.7118644067,10029.81522180262
2.44,32,258.25454545454545,27.45086917078764,1.022056798470153,0.1651818135083457,16373.714130876577,2513.774513382234,109206807.27272727,18733936.48739524,29817781051838.836,7736612341102.236,-1215394.9090909092,11101.070529799998
2.46,32,256.5098039215686,23.924203185042888,1.109441486161469,0.18080602985592356,11405.378169121946,1762.2372708340863,96107018.03921568,14636576.976205125,19275390025406.746,4925648799812.794,-1217636.3921568627,12126.970654605488
2.48,32,167.45762711864407,17.61814749922192,0.6961308874121477,0.12704025568642,7136.294724356183,1232.2652533435423,46837829.423728816,8102614.740809199,5797929549268.61,1748814122426.8994,-1164583.0508474577,8979.353722199878
2.5,32,183.78181818181818,19.45087531943246,0.7510446280991734,0.11633371762857082,8023.4864132231405,1803.4908605281787,55126500.07272727,10825900.418594245,9035808862133.527,3081263025962.8,-1149412.0727272728,9750.129873703474
2.52,32,184.04166666666666,21.723684711410556,0.7638706745397489,0.17515605816438276,8618.286348104059,1662.5814249635787,56923562.666666664,11381711.47969585,8986313664170.666,2838082042486.939,-1166165.3333333333,10638.567544042931
2.54,32,180.7906976744186,19.0364419033497,0.6834468948818914,0.13634869167695057,5852.857684298386,1191.177451603767,48692771.72093023,8970346.649157714,5539071509242.047,1794919032760.472,-1128781.3953488371,10742.886226644
2.56,32,139.2258064516129,20.166127247740047,0.5530914084348173,0.16042502586846616,4611.963449531737,1479.1430954867992,31939022.451612905,8726191.3718768,3155081592832.0,1461317494766.151,-1097199.4838709678,11578.383991239807
2.58,32,176.32432432432432,18.42862667014594,0.7533892643904628,0.19594750427249905,4610.728138572261,918.1735953551237,44017608.64864865,7848951.682716541,3999439831482.811,1225896690641.357,-1091750.054054054,12398.744649340373
2.6,32,159.47058823529412,17.276301347085106,0.6902899843369299,0.1322056546171372,3676.860527016235,833.0354651097631,35830482.823529415,7006946.554674667,2789434705317.647,932505987871.9518,-1073152.0,12507.329394413058
2.62,32,177.37142857142857,21.558927281440653,1.0716448603799074,0.29389475227620443,5859.2603209222625,1636.8108719207587,47935370.97142857,10384279.81207319,5722049373798.4,2785625347992.373,-1068821.9428571428,15464.353693769097
2.64,32,161.6,23.340197167226194,0.47212975716763594,0.12196883163092051,5784.6868686868675,1814.3433333781547,42379400.53333333,11221374.820371369,5201123025442.134,2571868157964.662,-1090628.2666666666,11226.572315372185
2.66,32,148.11764705882354,16.379441921111326,0.594269468691284,0.13446456739695087,4944.090329630304,896.1917165427277,35932280.47058824,6670440.580966504,3390864576271.0586,1010670007852.9886,-1042713.0980392157,9597.063414910086
2.68,32,131.6216216216216,14.226526657177915,0.7135911045684109,0.20856202990031147,2645.24710268962,542.2136378168093,24999437.837837838,4821407.296648753,1405477590652.5405,443594921956.97345,-1022450.1621621621,12534.522782994043
