Temp,N,Magetization,MagErr,Specific_Heat,SP_Err,Succeptibility,succepErr
0.8,32,1023.89,0.02285516414089354,0.005075683593749999,0.0009957070535820305,0.00025378417968749997,4.9785352679101653e-05
1,32,1023.245,0.06220337302123209,0.02255615234375,0.0023464995164630908,0.0015038818359375003,0.00015479943500586808
1.2,32,1021.015,0.13242738749384977,0.06431959364149306,0.0044134906720697436,0.005680155436197917,0.0004230488629881611
1.4,32,1015.16,0.242962517649183,0.14029610770089287,0.010113768430095009,0.016388392857142862,0.0012892972375864802
1.6,32,1003.655,0.3758762686418263,0.21920715332031243,0.01417195096593575,0.03432066345214844,0.0025207146417249083
1.62,32,1000.96,0.4295549254002892,0.2515275813042981,0.016467593326073355,0.044269868827160504,0.0035778739378325626
1.64,32,999.66,0.45684046631538805,0.273116203094791,0.021004371864502883,0.04946193788109756,0.0044907851325514244
1.66,32,997.105,0.47317067812533725,0.27733407509934316,0.019336815265369615,0.05242197795086598,0.004152957588514364
1.68,32,994.69,0.49693351790030077,0.291844789673682,0.018156843586772723,0.05713117327008928,0.0038871327405265305
1.7,32,993.365,0.5709156009983788,0.3503600778546713,0.025913779479083646,0.07452135512408088,0.007633373848071526
1.72,32,990.405,0.5696802498665776,0.35494108803534,0.024690842841794514,0.07333642294240553,0.005592205725578776
1.74,32,988.305,0.6213860534184911,0.3984642074167658,0.029536124661489107,0.08625009821749281,0.007245835275534575
1.76,32,985.845,0.6359912213529619,0.37496112791959907,0.02765566033647725,0.0893254921653054,0.007526348961644282
1.78,32,982.705,0.6975761309451772,0.41572562132109264,0.03278019552518675,0.10625492395979635,0.010426704375476907
1.8,32,980.38,0.7155388032252958,0.44340154200424386,0.03542214837809677,0.11055533854166665,0.010005956896993087
1.82,32,977.07,0.7875819320651,0.5058159479814484,0.033203294303755494,0.13246646419986266,0.010329430018673907
1.84,32,973.555,0.7704832570988059,0.46011666945113117,0.03731210757505312,0.12539910357931386,0.011530350475292656
1.86,32,969.85,0.8535996472802759,0.46636883147618213,0.033447281214809985,0.15225843203965053,0.015842589558625095
1.88,32,966.71,0.8882453025285802,0.49748075941991576,0.03456881583888985,0.1631149746509309,0.018207808884914085
1.9,32,962.94,0.8792905819111455,0.48386618659106645,0.04072012207297581,0.15816015625000002,0.013519470122024632
1.92,32,958.345,1.048818700109518,0.543415387471517,0.03921025168018856,0.22268217722574865,0.021035849043890154
1.94,32,951.16,1.0574355113868883,0.5491475914018493,0.038477641504730056,0.22402263208762888,0.019198121305467473
1.96,32,946.69,1.1885132477922167,0.713394946726299,0.052347707850698005,0.28011594188456634,0.028722277440002397
1.98,32,942.99,1.263038443649905,0.7697336916752756,0.058640918332215033,0.3131509923453283,0.027137408064199654
2,32,931.485,1.469539441863434,0.7921884521484376,0.06209473376553616,0.4196800659179688,0.045391730704657914
2.02,32,926.835,1.46196968361451,0.784887817370846,0.05808178016675333,0.4112550157603651,0.033650023264032505
2.04,32,917.685,1.7975854105809446,0.7583903041723736,0.057946334055587335,0.6156512211818321,0.1390353807043762
2.06,32,909.555,2.085340736763361,0.9264759542310775,0.07886407077458019,0.8204888382698726,0.14892162068342463
2.08,32,900.15,2.04058512770094,0.8967671366132928,0.07740617000917693,0.7780937781700721,0.1121216164649146
2.1,32,887.785,2.3208744176385583,1.037290160856009,0.0835801223399219,0.9969418596540177,0.10319592426087303
2.12,32,878.69,2.482971395846984,1.1204026121395514,0.07988146251981003,1.130299187426297,0.1201957776008446
2.14,32,862.805,2.5981270308999447,0.9373497924218271,0.06160595054456374,1.2260066693742697,0.11669770081346992
2.16,32,848.355,3.7873062634425594,1.200440771785783,0.08439737948066978,2.5810293579101558,0.5376027642418103
2.18,32,828.285,3.7027609211852517,1.1065559473897397,0.07851984685751362,2.444447379855934,0.33150954813379135
2.2,32,813.52,4.065972372118827,1.1962732438016528,0.08599419744686966,2.9207340198863636,0.43526643570092555
2.22,32,767.17,6.451322767850864,1.4478300949281204,0.10355554974597554,7.286691960515202,1.206055377633288
2.24,32,723.56,8.697654231932823,1.9060718769929845,0.12865507663094358,13.126293247767855,1.5982805686915376
2.26,32,690.925,8.397696213117207,1.796621012682082,0.11640666607967305,12.12823837415307,1.3811008842860695
2.28,32,641.485,9.389696100612364,1.823746079773344,0.12816756795476567,15.029830033151729,1.3469227006299955
2.3,32,597.15,9.577122578123399,2.0055639879194236,0.12482880756110414,15.499871560801632,1.0838071993975067
2.32,32,505.35,11.213909516071183,1.864886579842403,0.12005154002821204,21.067449109307653,1.214501871244454
2.34,32,472.535,10.79199319419426,1.617776761907371,0.10798376313423973,19.34520389915532,1.064301993388665
2.36,32,418.66,10.879239889174347,1.425014654749668,0.09982371157117266,19.492652774099575,0.9432464414670287
2.38,32,371.445,10.372978156002274,1.3488817631832146,0.09667721924570799,17.57178225733653,0.8588452409314212
2.4,32,335.325,9.60507400082191,1.273743421766493,0.09321176626982272,14.940874989827474,0.810761340956875
2.42,32,295.645,9.19518289287875,1.161605102297273,0.07739219949476522,13.579732686192537,0.7485631507661592
2.44,32,252.85714285714286,10.300325464719357,1.1898011537965887,0.10702026258754734,12.39938149952604,0.8407227668375128
2.46,32,231.4102564102564,9.102818068799296,1.0560514181354372,0.08227923695400519,10.197244818309253,0.7196406941812464
2.48,32,200.08408408408408,7.9493913165780645,0.8789678682605883,0.0643358121268642,8.236601385650763,0.6266256037057798
2.5,32,206.696,9.130466131785443,0.7865737599999999,0.06734299329670027,8.076154525,0.694414217655574
2.52,32,204.53521126760563,11.465116095150595,0.7196105783669899,0.08639568394103782,7.131917273889817,0.7000459358449517
2.54,32,201.73333333333332,12.557744546507717,0.9558028203847903,0.10467365706915048,8.064277121609798,1.013408769043915
2.56,32,166.85405405405405,9.13250018606601,0.7848458189090034,0.07645416700936579,5.822417923096238,0.6564458767649476
2.58,32,162.14,8.329548683947436,0.8840352423982933,0.09564215941197682,5.199953215843023,0.46622869496973063
2.6,32,152.744,6.845882621635553,0.7444933431952662,0.05740634789054126,4.365603389423076,0.3418247516094737
2.62,32,125.3568281938326,6.5658917616110575,0.6681374593993245,0.07390841510158135,3.6155736397750675,0.46316132622496964
2.64,32,146.6530612244898,6.327835221272525,0.7002570166380739,0.0695486159493667,4.325082039811905,0.3957334393620945
2.66,32,133.42307692307693,6.892788377455928,0.6493390356538177,0.059984733931944284,3.5932352594110086,0.36475287157138175
2.68,32,133.4375,6.859900067864894,0.6238235311606611,0.05502634756922905,3.258114430441785,0.33344103144247544
2.7,32,132.156462585034,5.682696145110497,0.6458034897375801,0.05134039342251111,3.4106178384445873,0.31369996190392746
2.72,32,116.22,4.2114546058695215,0.5784300569844493,0.041259890516921645,2.534435173483456,0.2027904525862228
2.74,32,117.82,4.386359480998845,0.5201808911761081,0.03890207046760698,2.729252537636861,0.20118671704952354
2.76,32,119.68,4.454980833662763,0.5328698097169713,0.038495823199832024,2.7949139492753625,0.2152878451934285
2.78,32,109.9375,4.242187942500329,0.5062411976577407,0.03407975185674575,2.414912399914053,0.1788151260652363
2.8,32,110.855,4.132502703642404,0.5208226916254783,0.03567775597762988,2.370577209472656,0.21412276128989688
2.82,32,106.45,3.878655639916414,0.4749911264013066,0.03420700276171174,2.0734768049091317,0.17981003837334816
2.84,32,107.475,3.731483452526304,0.5528094914668469,0.039586081438734926,1.9055947317204005,0.14397034995190794
2.86,32,99.415,3.534516287186735,0.4206787598874029,0.03183705223809322,1.6977736338368663,0.13335629609835273
2.88,32,95.11,3.574369944725309,0.501654248178741,0.03601809798939975,1.72421871609158,0.14358555872496764
2.9,32,92.24,3.4243999891525525,0.4197543730491974,0.030180530735051368,1.5716535560344826,0.13402231572783055
2.92,32,93.315,3.5314415456304604,0.43935118976062587,0.03407804279337103,1.6599959783684717,0.12620259475162837
2.94,32,91.165,3.330996891597523,0.4357540256483121,0.031515210435975376,1.4668542646550808,0.12371609364809248
2.96,32,90.335,3.2920761730420214,0.4301893347105552,0.03127369492077922,1.4230949690535262,0.11530433785758715
2.98,32,94.08,3.5154514295857804,0.3970272555114353,0.030493106211230962,1.6118765729865772,0.1297798544756454
3,32,89.515,3.41064903919325,0.3798673502604167,0.025899732709210362,1.507088142903646,0.12007814790051848
3.1,32,81.615,3.01766949296748,0.3360159400201612,0.023150009045881794,1.141740730531754,0.09272388773928837
3.2,32,68.155,2.652839751377813,0.32826796531677244,0.02013345445415399,0.8547869796752928,0.071579958785198
3.3,32,69.335,2.630699351746066,0.2881671473255281,0.018356431445365504,0.8151064675071024,0.06781039221253245
3.4,32,67.115,2.4308279720849,0.26065749858077425,0.01721353833921466,0.6754844827090993,0.06159394657617217
3.5,32,63.635,2.467151816404478,0.2258417091836735,0.01726324089607544,0.6759421805245536,0.06048147344930148
3.6,32,63.68,2.4472744695773643,0.19410366482204855,0.012483500839283875,0.6466193576388889,0.053120414767795644
3.7,32,55.29,2.0945639932020637,0.1953410264677684,0.013360548524766308,0.4608625158361487,0.035139709785506144
3.8,32,52.795,2.0617279113378593,0.18962213658890237,0.012928832992157373,0.4347753842002467,0.03630570732353382
3.9,32,53.52,2.0612596639104095,0.1826947153907791,0.013654649759313395,0.4234348958333333,0.03569048420525851
4,32,54.095,2.184026668246062,0.18884384765625,0.014317462779818426,0.4634914489746093,0.03967341536328132
4.1,32,52.35,1.962044285632415,0.16944227301457468,0.011463526791666697,0.3649384289253049,0.030938818406373563
4.3,32,48.03,1.8383892411677851,0.14241667265244728,0.010163165712581202,0.3054867142078489,0.02278806489249835
4.4,32,46.905,1.877252191630421,0.13506626097623964,0.010321636330431603,0.3112994884144176,0.030409947434949555
4.5,32,43.415,1.7407906993931939,0.11198398437499998,0.008590379410546533,0.2617377983940972,0.02310758242825162
4.6,32,41.55,1.608591124164222,0.12700169467745748,0.00908552548708344,0.21863482931385872,0.01798443780646465
4.7,32,44.995,1.614564255010295,0.11559203825260296,0.008266595868006385,0.215575127784242,0.018162503179774678
4.8,32,45.86,1.7663326855978563,0.10816866980658636,0.007346314326450029,0.25263273111979173,0.021470581719215082
4.9,32,43.955,1.7149363221865084,0.1091413367802478,0.00812219244768401,0.23328443379304845,0.01893143537453428
5,32,40.28,1.4753554705941294,0.09767412109375,0.006960340044818139,0.1692034375,0.012463771178707072
5.1,32,46.105,1.6285397046011845,0.10947255863129567,0.007486425072037753,0.2021214336320466,0.01597512983404558
5.2,32,41.68,1.5786510443188997,0.0870903060281065,0.006384434009493541,0.1862750901442308,0.01376968555724763
5.3,32,42.27,1.5727427920516572,0.08737261578297437,0.006634929170601086,0.18139502874410376,0.017057785313465162
5.4,32,39.71,1.5274457834208293,0.07857751079711077,0.005766451622334196,0.16792822265625,0.01399265547573777
5.5,32,41.545,1.511827125917658,0.07833419098657024,0.005395352145763782,0.16152041459517047,0.011850877643428098
