Temp,N,Q,Magetization,MagErr,Specific_Heat,SP_Err,Succeptibility,succepErr
0.45,32,2,0.2,0.12001846579990924,0.020061728395061724,0.013515043473368885,0.0005642361111111113,0.00038011059768849973
0.5,32,2,0.25,0.12620609271875577,0.01796875,0.010237622023738732,0.0005615234375,0.00031992568824183563
0.55,32,2,0.65,0.170951387041176,0.024373708677685946,0.006371428975469362,0.0009366122159090908,0.0002469721728703956
0.6,32,2,1.5,0.26315789473684226,0.04654947916666666,0.021972642504173627,0.0020345052083333335,0.00106722685912637
0.65,32,2,2.05,0.3368009843321296,0.06934171597633135,0.01975741930077499,0.0030761718750000003,0.0008297686799849961
0.7,32,2,3.7,0.46542507304071845,0.09215561224489797,0.027747954060380133,0.005454799107142857,0.002028654368026821
0.75,32,2,6.9,1.0628451859027617,0.3579861111111111,0.18468145228480626,0.026549479166666667,0.013527406337897027
0.8,32,2,10.5,1.0926599732645632,0.3132781982421875,0.12123412040252338,0.02630615234375,0.010910175197626193
0.85,32,2,14.1,0.7873656065246629,0.12428362889273357,0.03248873476471878,0.012856158088235295,0.0032521593431020486
0.9,32,2,23.6,2.1358307173522886,0.7701581790123456,0.17313419418449563,0.08934461805555556,0.021369007708376034
0.95,32,2,34.05,1.8345333099657675,0.4031336565096953,0.1713828447594232,0.06244603207236843,0.03258122677329622
1,32,2,51.4,3.1861890330011198,0.6525781249999999,0.2776721187761475,0.17894531249999998,0.06571179324258461
1.05,32,2,68.25,14.617224952299344,1.348143424036281,1.0571191425282818,1.217157273065476,0.8210611268009603
1.1,32,2,109.66666666666667,12.286075793442102,1.8627996943870522,0.748469416700718,1.35125670770202,0.4498527655789301
1.15,32,2,345.25,106.54302730196223,0.5174489012287335,0.4321535459110345,21.688763162364133,13.585904543827937
1.2,32,2,685.6666666666666,128.39457413250244,0.6637008101851852,0.6739913588915558,17.887550636574073,18.16489354204977
1.25,32,2,438.75,32.54870761408105,0.64421875,0.2655392165852248,5.069482421875,3.4411343444586686
1.3,32,2,495.5,66.50062656346425,0.20614714312130175,0.16525811529789847,7.474646935096153,2.9482587839932846
1.35,32,2,496.5,19.373926563061843,0.7513020833333333,0.2113112159115591,4.900933159722222,1.457692899566166
1.4,32,2,507.14285714285717,33.1465002102858,0.2830038265306123,0.23058688671141558,3.941411944241982,2.5718494593190475
1.45,32,2,546.4,24.861194909852575,0.19552615933412607,0.08082531854890125,3.3717941810344834,1.547640750199549
1.5,32,2,486.4,9.295517640209496,0.2604166666666667,0.10895783997860829,1.015390625,0.3359239529960094
1.55,32,2,521.75,9.184436733754703,0.44047541623309044,0.09952434800888008,0.9592915196572581,0.27226821634067766
1.6,32,2,516.2,11.806519631846388,0.2515983581542968,0.07381811289980637,1.5356811523437501,0.48525280770909757
1.65,32,2,516.85,9.514611885683026,0.3641923496326906,0.11113560495692416,0.9671090790719697,0.22935780603319839
1.7,32,2,514.35,8.171389517591225,0.1874864835640139,0.06674562113633777,0.6923411649816177,0.2034726994546816
1.75,32,2,502.2,7.573682381770751,0.28130102040816324,0.0860265890498134,0.5777678571428572,0.16032761183850827
1.8,32,2,511.4,9.4866577834492,0.16142216435185178,0.0445544874009313,0.8813151041666666,0.2693442970209067
1.85,32,2,503.45,9.229746862553402,0.1502322635135135,0.041791055576338505,0.8116804793074324,0.24724566855270563
1.9,32,2,498.6,8.024684907648142,0.2744654605263158,0.09432570243066685,0.5974198190789475,0.14222938800960971
1.95,32,2,504.85,9.326718240098923,0.1792894271860618,0.04058800636861294,0.7863218649839744,0.19773991053313528
0.45,32,3,0.5,0.2294157338705618,0.019820601851851846,0.005709554087635812,0.0020616319444444445,0.00141362831693288
0.5,32,3,1.25,0.3233738349327504,0.04750000000000001,0.01617480082807662,0.0036865234375,0.0014079958081562294
0.55,32,3,1.8,0.3538470802941389,0.052169421487603285,0.011245618513932696,0.004012784090909091,0.0009985702536530203
0.6,32,3,5.0,0.7806524723258591,0.14118787977430555,0.044632905795648284,0.017903645833333336,0.00490095266155438
0.65,32,3,8.0,0.9266745716662631,0.21012851331360946,0.0571432149512874,0.023287259615384616,0.006976426629414499
0.7,32,3,12.6,1.144419193678054,0.138607102997449,0.04122227836211298,0.03297991071428571,0.01967427828177001
0.75,32,3,22.35,1.6961337818975781,0.41647135416666664,0.16378857975513633,0.06761393229166668,0.023515673294132802
0.8,32,3,33.75,1.8901626071426916,0.5495109558105468,0.1290056579203816,0.07872009277343749,0.022313574553090045
0.85,32,3,57.0,3.2902104438079554,0.7528114186851209,0.22148751692624785,0.22449448529411767,0.06873738566467377
0.9,32,3,88.45,4.956025460553136,1.2115403163580245,0.38321093636078635,0.4810628255208333,0.15184127720151372
0.95,32,3,247.5,51.32359214933335,3.6516945117728534,3.3227632040941795,6.092465049342105,4.286625004003251
1,32,3,598.0,71.62867209900419,4.675048828125,4.251448742769445,11.2734375,7.902977817046948
1.05,32,3,1206.2,81.06663925438133,2.9058248299319724,2.5223932433707263,19.558928571428574,17.440263154201006
1.1,32,3,986.0,41.15806252863599,1.6701324789720766,0.4901708465540477,16.658517263986013,6.572088195949804
1.15,32,3,942.6,43.7444282166312,0.5560609640831758,0.5026849857845066,5.199932065217392,4.494280145581477
1.2,32,3,1008.7333333333333,28.512343668954994,0.9551203221450616,0.2798778889518315,8.64469039351852,2.8726651146974107
1.25,32,3,1044.888888888889,26.21989013876467,0.22524691358024695,0.1503096265914116,3.81934799382716,1.8058509206194917
1.3,32,3,1005.0,11.53556466227656,0.48061176728920124,0.09896865942870857,1.8043118990384615,0.5702988535028131
1.35,32,3,1027.8,16.99056280341327,0.4084683641975308,0.11848060304890233,3.7692853009259264,1.0988067722829442
1.4,32,3,1025.1,13.397792020513375,0.5005082110969388,0.19032301119799638,2.2600376674107148,1.2294018209632678
1.45,32,3,1020.55,14.313172167864336,0.4225937778686088,0.12139668088293248,2.490468413254311,0.6107521705775881
1.5,32,3,1009.05,11.88389701698263,0.1796614583333333,0.0607736274344913,1.6596012369791666,0.5618216130040344
1.55,32,3,1034.4,16.95250004033996,0.32851115374609774,0.11779541489920607,3.2682333669354837,1.9129231346668834
1.6,32,3,1010.35,12.157843472209137,0.20314788818359375,0.03859531077474811,1.6284347534179688,0.4740189641673637
1.65,32,3,994.95,13.827483772517093,0.19077404011707993,0.07189650305484345,2.0425825639204547,0.5741696128403778
1.7,32,3,1003.35,8.01566160868401,0.1515623310445502,0.0402959631557668,0.6662037568933822,0.14769263086610201
1.75,32,3,1012.75,10.25380815684842,0.258485331632653,0.05707500618485657,1.059033203125,0.5099847514768552
1.8,32,3,1035.55,8.048149767582606,0.15231586974344133,0.03595397736627112,0.6343031141493055,0.15869983167798754
1.85,32,3,1033.85,10.804040231254186,0.16138604821037253,0.0678231880557223,1.1121872360641893,0.4316030258634017
1.9,32,3,1035.1,10.192306043927346,0.09972502055921051,0.03622322314606015,0.963759251644737,0.36052279290092853
1.95,32,3,1009.8,11.956198916075872,0.12988666481755426,0.02795808148715665,1.292197516025641,0.42279007660008827
0.45,32,4,1.2,0.3766009225262801,0.04224537037037038,0.012524920744809763,0.005555555555555555,0.001686811870199455
0.5,32,4,3.5,0.6115236862432764,0.09000000000000001,0.021405412770824576,0.01318359375,0.003123545404178901
0.55,32,4,5.25,0.9172855293649146,0.12819602272727276,0.042444358650763576,0.026966441761363633,0.006874939702303594
0.6,32,4,8.45,1.3448887544227786,0.15974934895833337,0.0660560986489417,0.053137207031250015,0.024971663549953255
0.65,32,4,18.8,2.1835446036229906,0.5976100221893491,0.20460431011052882,0.129296875,0.029152338789540044
0.7,32,4,25.8,2.7273113402789946,0.6354183274872449,0.2270066297596688,0.1873046875,0.07688329922401886
0.75,32,4,54.2,4.004568028758272,0.7051909722222223,0.20447666278435092,0.3769010416666667,0.10641810213982779
0.8,32,4,90.55,5.268668168135849,1.133941650390625,0.32575487299004563,0.6116302490234374,0.15018626749442446
0.85,32,4,135.6,4.834318681997876,1.077611375432526,0.5135571526155658,0.4846507352941176,0.1514375008972264
0.9,32,4,2830.923076923077,11.118341664453247,1.6078289365548981,0.5817516544664976,1.4857875164365548,0.5776297497614852
0.95,32,4,1836.0,195.99036257485272,3.233950289993075,3.288569394460369,88.8440583881579,69.40653890264248
1,32,4,1519.0833333333333,49.325610388725956,2.12908935546875,0.9744908980091482,23.95791965060764,10.149091184902733
1.05,32,4,1500.923076923077,28.760616768822555,1.2634448503267184,0.7063707197821005,8.521700655114117,3.1364038229611935
1.1,32,4,1518.4444444444443,24.581567733206565,0.5721474530660136,0.3297949232642354,3.814731516554433,1.7220987084942656
1.15,32,4,1521.25,17.888834165803864,0.8594100750236295,0.33778354398667837,4.905050526494565,1.524789609936332
1.2,32,4,1526.35,17.613152193571363,0.4957411024305556,0.14262360246268882,4.556907145182293,1.2606248071076394
1.25,32,4,1538.6,22.299075170567193,0.3976625,0.12999510800872563,7.011984375,2.007884576746904
1.3,32,4,1519.15,17.361126857487616,0.33225661057692296,0.0976409929242214,4.086859600360577,1.3685847056501088
1.35,32,4,1551.4,14.5977268370409,0.6008391203703702,0.20845773096273212,2.7823640046296294,0.9554552392334081
1.4,32,4,1549.65,11.939198458598195,0.38759068080357145,0.10410126123944989,1.7947317940848213,0.44173216895119954
1.45,32,4,1540.3,15.181834165958342,0.2524245689655172,0.07039083246462668,2.801932920258621,1.179488909312975
1.5,32,4,1544.0,16.625915091554518,0.2021820746527778,0.05652740361352114,3.2483072916666664,0.9522526499284386
1.55,32,4,1539.35,14.164110355425244,0.22502601456815816,0.08657124932463409,2.281519342237903,0.4853092012397358
1.6,32,4,1526.55,10.58391478034301,0.29534435272216797,0.07763725803176923,1.2340988159179684,0.3156492423327129
1.65,32,4,1536.85,10.500567192173081,0.2386605759297521,0.09589479194635647,1.1779282078598488,0.5778400857517701
1.7,32,4,1521.0,13.088659953967037,0.13611980293036333,0.037065824041981894,1.7763097426470589,0.39149940433485486
1.75,32,4,1563.95,14.222309929227198,0.09210459183673468,0.02715576940125293,2.0374148995535712,0.501152642602501
1.8,32,4,1513.8,8.879494882192338,0.17167004243827158,0.0658821110538243,0.772113715277778,0.225890190373223
1.85,32,4,1531.55,14.024014820647917,0.17452291818845875,0.0733007399113912,1.8739165434966212,0.5361056411903654
1.9,32,4,1534.8,11.163752186468757,0.20507541984072022,0.04920601040651996,1.156229440789474,0.33238592773417475
1.95,32,4,1548.4,9.334474274017804,0.10520615035338592,0.03384943138403564,0.7876302083333333,0.18453667392822398
0.45,32,5,1.6,0.42367603784206526,0.028694058641975308,0.007345986503524909,0.007031250000000001,0.002190407879610277
0.5,32,5,4.6,1.7535677916750183,0.06312500000000001,0.04551303031379835,0.01921875,0.014941190830248549
0.55,32,5,8.65,1.6961337818975781,0.2746965392561983,0.08348133101824971,0.09220081676136364,0.03185665540537935
0.6,32,5,16.0,1.7167901505579044,0.21795654296875003,0.05377298250839742,0.08658854166666667,0.019515663928705528
0.65,32,5,30.1,2.119556740364192,0.37340514053254437,0.12584629260441232,0.12182992788461539,0.044981370275892364
0.7,32,5,55.5,3.701089156157723,0.823620854591837,0.24192169926087698,0.34493582589285715,0.08967711480061515
0.75,32,5,98.35,5.858098071848113,1.2882986111111108,0.4859805985454716,0.8065462239583333,0.27306336375041923
0.8,32,5,157.45,11.104009657367653,3.178752899169922,1.1271566515302365,2.7167327880859373,0.9209931390086874
0.85,32,5,2037.1,12.318259056085818,5.16814446366782,2.259730245241059,1.4120978860294118,0.43719799482076305
0.9,32,5,1969.0,134.2530260366596,0.39525462962962965,0.3202478082974735,62.58289930555556,50.994346919806304
0.95,32,5,2035.0,88.6877669129177,1.0418169532933208,0.9274009004082587,33.68935032894737,27.792294924865764
1,32,5,2066.266666666667,39.286813837426635,1.332092013888889,0.2997096527522546,19.695112847222223,7.81119742276695
1.05,32,5,2068.25,36.29336961052199,1.0817970127865961,0.4519624353465761,12.352914961557538,5.012977715471276
1.1,32,5,2065.85,24.78833107211366,1.1318036544421486,0.448698332583599,9.846437766335226,3.1042038399939873
1.15,32,5,2070.7,14.139804525599516,0.3544497282608697,0.11503351431965171,3.064546535326087,1.0007680513165451
1.2,32,5,2018.1,20.631968309967213,0.6035885281032985,0.15841554424369464,6.252840169270834,2.2746106497720064
1.25,32,5,2025.6,15.995220892902427,0.2895546875,0.09414962257231617,3.6078437499999993,1.4111471536681566
1.3,32,5,2042.65,20.088071321515358,0.1717637643306213,0.047555401620444075,5.471550105168269,1.2893803692171926
1.35,32,5,2048.7,18.366400130118414,0.4471812307098764,0.1571922724108265,4.404448784722222,1.806576549189281
1.4,32,5,2048.1,13.887139071059549,0.30739173110650514,0.08859553381918699,2.428145926339286,0.970105048716225
1.45,32,5,2047.5,15.67829277268183,0.1380843118311534,0.03530334124725933,2.9881802262931036,0.833606792676464
1.5,32,5,2061.45,18.980741807336965,0.21402343749999997,0.09087182027149279,4.2336246744791675,1.5210678649224414
1.55,32,5,2046.2,20.322006139109412,0.21133889665712796,0.057615923891723014,4.696547379032259,1.3067982568657328
1.6,32,5,2063.45,12.404867912333346,0.27374267578124994,0.06857641707169107,1.6952804565429684,0.5161168658127302
1.65,32,5,2034.75,13.408533893138182,0.10844506858356291,0.05287584232800957,1.9206838896780305,0.9549011867433312
1.7,32,5,2048.55,13.19877334181211,0.18739186851211076,0.05969426030838996,1.8063232421875,0.47791506021111696
1.75,32,5,2062.7,15.737475783756445,0.20184630102040815,0.062202775911576906,2.4946484375,0.7779450175329313
1.8,32,5,2055.0,13.97465057615988,0.09502194251543211,0.03569610007979605,1.9124348958333333,0.7276930043137819
1.85,32,5,2042.05,11.793578937503469,0.14084470872899923,0.06044292217370963,1.325246779983108,0.30902134900982947
1.9,32,5,2046.1,12.71461740851364,0.08224969161184212,0.021015960836689374,1.4997892680921052,0.4136471071677432
1.95,32,5,2076.35,14.8264708621826,0.07235679651545035,0.031243178153125602,1.9870930989583335,0.3815368537695218
0.45,32,6,2.35,0.6414794189023888,0.054144965277777776,0.01927582004021566,0.016118706597222223,0.004991308820021154
0.5,32,6,7.6,1.5549046697003501,0.22261718749999998,0.05258570695445076,0.085234375,0.015982947121302507
0.55,32,6,14.4,1.4555272435741982,0.1316745222107438,0.04307396925228273,0.06789772727272728,0.02748782383663871
0.6,32,6,28.55,2.311569120868769,0.30940755208333337,0.12554488167410488,0.15697835286458334,0.05903759975721303
0.65,32,6,39.84615384615385,2.5572504598748096,0.23866133013549948,0.09266341448010777,0.10883093422849338,0.0324016613684388
0.7,32,6,93.3,6.054278952014754,1.1308992346938775,0.3486111120942953,0.9230050223214284,0.25412684717694517
0.75,32,6,144.06666666666666,5.996143885581685,0.8098302469135804,0.2602102651314141,0.6117129629629631,0.25188619437643417
0.8,32,6,375.55555555555554,34.021184168429855,4.60061909239969,2.933266701790561,10.047230661651234,5.519903913185026
0.85,32,6,2377.285714285714,73.11053818466105,1.6269375397217714,0.6590843747242493,31.582429846938776,20.60914722334935
0.9,32,6,2566.8333333333335,24.252744015605913,0.7693611218278462,0.39488271083745274,6.435516734182099,2.964466779718219
0.95,32,6,2569.0,34.19748739372992,0.768849549861496,0.2290137273840686,21.69911595394737,7.95220596649482
1,32,6,2510.125,26.212444033745143,0.6852874755859375,0.20707425296097848,9.435775756835938,2.9330772349177168
1.05,32,6,2491.8,34.44939032591377,0.6731859410430838,0.29550993761413763,8.940438988095236,4.316268448692943
1.1,32,6,2551.95,23.26130916683593,0.6904861828512395,0.22997485985355012,8.670674272017044,2.336408790447499
1.15,32,6,2554.55,23.541496926965547,0.7452057980860115,0.2637171228523265,8.49469047214674,2.582295246187319
1.2,32,6,2562.5,22.650359404729794,0.5695868598090278,0.12704042655129294,7.536092122395834,2.805006230048534
1.25,32,6,2563.5,25.072139684630805,0.39951718750000004,0.1501284537999932,8.8644140625,3.284447165898868
1.3,32,6,2557.3,15.68440480275292,0.5364896334134616,0.17566667862576618,3.335569411057692,1.1821759742326319
1.35,32,6,2560.6,15.621811586045816,0.3296146262002744,0.08196195610802462,3.18644386574074,1.061992059812056
1.4,32,6,2594.3,17.51138924993099,0.3225284498565052,0.08813971714688686,3.860916573660714,0.8568102986533861
1.45,32,6,2576.2,20.342578465252732,0.27544752340963136,0.09092712747732713,5.0306169181034495,1.3562039693056391
1.5,32,6,2571.8,15.39896028436118,0.17314561631944442,0.04752076047169369,2.7865625,0.5347154147115055
1.55,32,6,2539.75,14.444060593427045,0.10817487480489073,0.03146083527765595,2.372597971270161,0.7358729140510494
1.6,32,6,2551.4,15.017330708439806,0.13738536834716794,0.03251452582122397,2.4845214843750005,1.071704327218996
1.65,32,6,2558.55,18.87361009173217,0.16750961317722682,0.05604463524968139,3.8054258404356065,0.9640128810470642
1.7,32,6,2542.75,17.287831372772327,0.10222733969506922,0.022470004324842686,3.0989128561580883,0.9001797900290283
1.75,32,6,2564.85,18.0532108239125,0.16378427933673467,0.04561509772147216,3.282827845982143,1.2143134700853129
1.8,32,6,2562.75,15.308982933191453,0.15081259645061726,0.044142444217857436,2.295077853732639,0.8434255853923901
1.85,32,6,2589.9,19.54976602930463,0.12520258856829805,0.03651167422234536,3.6415698902027023,1.0772585628148905
1.9,32,6,2568.45,17.247662333072302,0.08455989763677285,0.026740457423270615,2.759841437088816,0.7405473337930863
1.95,32,6,2579.85,20.25232451348367,0.14800283016929652,0.0446801366203665,3.7075959034455135,1.2236294822749654
0.45,32,7,3.55,0.9803470469226561,0.05613425925925926,0.019230019673209687,0.037646484375000004,0.015376352936891345
0.5,32,7,8.3,1.8534986009468446,0.29652343750000004,0.0519939747138374,0.12111328125000001,0.01786069126145515
0.55,32,7,19.35,2.2616580097151266,0.3156960227272727,0.08730840037591467,0.16393377130681816,0.047598423005472436
0.6,32,7,35.0,4.041337646411047,0.5288628472222222,0.18200992049346146,0.47981770833333337,0.15661396683171097
0.65,32,7,82.85,5.333880108167989,0.845385308801775,0.2864575068563186,0.7715256911057694,0.3056899606885429
0.7,32,7,126.92307692307692,7.103854136294165,0.9981905114116654,0.4150855173456111,0.7798466557480982,0.32421070850425965
0.75,32,7,357.6,12.193590796385404,1.3342838541666668,0.46052676408773724,3.4944531249999997,0.9371745989622
0.8,32,7,3209.35,28.326086466634077,1.7409477233886712,0.4924086276023106,17.67911071777344,7.098204634096499
0.85,32,7,3036.769230769231,40.078595327416444,0.6908738303884033,0.2039922739832031,20.442087430386355,8.343682523017172
0.9,32,7,3058.625,35.03875631988734,1.1445928502965856,0.39257902864972094,18.733435736762154,6.352767491226217
0.95,32,7,3038.684210526316,34.41432846793064,0.695128519194911,0.21526761297813987,20.760912897288236,5.4954871940422905
1,32,7,3037.3,25.435497693897727,0.46037841796875006,0.13510626582209284,11.404013671874997,3.1147936849491007
1.05,32,7,3113.7,26.436156303645966,0.4260204081632652,0.1589429908078693,11.732338169642855,4.269463811008946
1.1,32,7,3056.5,25.752121177727478,0.3828689953512396,0.11456813916117949,10.626997514204545,4.520070548949508
1.15,32,7,3014.25,30.069345062128885,0.6010954483695653,0.22151801217361441,13.858854874320654,3.320393324228036
1.2,32,7,3070.25,20.031951624157205,0.36692131890190977,0.10596365834572088,5.894439697265625,2.2040537455522937
1.25,32,7,3078.95,22.21220684587625,0.18721718750000002,0.06511043545120931,6.957458984374999,1.7961478090371692
1.3,32,7,3081.1,24.100769519099195,0.2575235761834319,0.095520174913368,7.875818810096154,2.7419973028899274
1.35,32,7,3086.2,21.420548293558365,0.21262002743484223,0.0527197972969884,5.991073495370371,1.5406412904532367
1.4,32,7,3093.05,20.931159425675546,0.22526207748724492,0.051882269468730396,5.516146414620538,1.6371787239887465
1.45,32,7,3039.15,14.945380705493376,0.2105287604042806,0.04752905764830388,2.715333714978448,0.6819697500365529
1.5,32,7,3044.2,18.353198336984068,0.20292534722222227,0.063077758414259,3.958307291666667,1.5751660095194415
1.55,32,7,3082.95,19.806749877761867,0.17858188085327784,0.054872772620749376,4.46140845514113,1.3870060903269366
1.6,32,7,3077.4,18.022362224919164,0.06428146362304686,0.022494053790779355,3.5783325195312496,0.6379199856632735
1.65,32,7,3051.6,20.40441536052914,0.08449103965794307,0.023981777679620012,4.4477627840909095,1.5735662778918966
1.7,32,7,3096.15,19.9817472110588,0.09489467317257787,0.02908341407248043,4.139951459099265,1.1136618331299482
1.75,32,7,3041.0,18.18937012641081,0.13181122448979593,0.03752038237587971,3.332533482142857,0.9350009947355092
1.8,32,7,3061.0,16.408733570758137,0.09868932653356481,0.024422262561958424,2.6366644965277777,0.8713240339111625
1.85,32,7,3075.95,22.75017579305596,0.08460997420562452,0.017690526952568286,4.931454550253378,2.040613500457441
1.9,32,7,3055.4,16.538111780800072,0.1671862826783241,0.04964679697746726,2.537438322368421,1.2200089472490303
1.95,32,7,3088.0,14.986790120514257,0.09639204778928337,0.045121166084583886,2.0302984775641026,0.6696912910201812
