K,RGL,C4,C4_err
3.6,2.0,-20765.458131854317,17109.156461564104,
3.6,4.0,-261.4133813384404,194.4040727222344,
3.6,8.0,-377.3109175640361,200.66308057283914,
3.6,12.0,-13267.332608632647,12922.0437483486,
3.6,16.0,-7614.932288737224,6438.696476583571,
3.7,2.0,-413.21922145672755,159.02413285235974,
3.7,4.0,-27.225539396576735,17.166947005501637,
3.7,8.0,-310.87522569761757,157.99470243121644,
3.7,12.0,-87.79522581260062,39.17464584209472,
3.7,16.0,-125506.0361590555,126022.41307468324,
3.8,2.0,-574.1080323857062,170.446776945603,
3.8,4.0,-31.829472941308754,20.614853538320784,
3.8,8.0,-1478.5943686934338,1367.8483433025756,
3.8,12.0,-163.79868541885153,111.3153195808781,
3.8,16.0,-226.64844262727573,144.87126330601282,
4.0,2.0,-13825.286305744741,8505.781161462053,
4.0,4.0,-10.669762050827186,2.7441129186480118,
4.0,8.0,-331.58142796635616,189.91826659415142,
4.0,12.0,-2991.1587925462436,1823.8632160456739,
4.0,16.0,-211.62705242966175,69.12356727982872,
4.1,2.0,-10515.844247224592,5768.385419117123,
4.1,4.0,-19.198467614000275,7.272303000750951,
4.1,8.0,-422.5890085500179,358.75215401268207,
4.1,12.0,-11263.652083485296,11007.277427380559,
4.1,16.0,-64.22075292725478,23.652879491117634,
4.2,2.0,-304680.1425243081,224704.97427259327,
4.2,4.0,-25.151632191946096,14.431022788012154,
4.2,8.0,-151.66767355063416,113.57830333565444,
4.2,12.0,-318.8555290613944,225.6482121799499,
4.2,16.0,-236.07769094082536,130.59576300920818,
4.3,2.0,-1948.1187698185954,908.2509653241904,
4.3,4.0,-32.0643523697221,24.797338164870332,
4.3,8.0,-86.34117876336033,49.14371876001834,
4.3,12.0,-300.6700843379083,228.85282086820786,
4.3,16.0,-4033.259760302159,4011.3838298649316,
4.4,2.0,-28828.442689808893,24328.34075151305,
4.4,4.0,-139.99404827337355,124.46803479801387,
4.4,8.0,-15596.095202296408,15164.929474714783,
4.4,12.0,-747.0984883890469,508.0424612178227,
4.4,16.0,-208.98654696735608,113.51784203182642,
4.5,2.0,-10000.703586148366,6144.85464179621,
4.5,4.0,-29.682494722819204,14.73304848074944,
4.5,8.0,-1926.5594616039039,1372.3115619762812,
4.5,12.0,-7453.44822766714,7448.686465213946,
4.5,16.0,-424.57666563573054,261.1550309626338,
4.6,2.0,-2460.5376123229285,1041.95236239965,
4.6,4.0,-1463.3521886636863,1424.7616266672826,
4.6,8.0,-416.75563737176964,354.4144589117446,
4.6,12.0,-753.8147530176695,629.4730196690888,
4.6,16.0,-1830.8933353297803,1184.051110449854,
4.7,2.0,-2164.5881887392916,1488.5207017781997,
4.7,4.0,-15.981918187084602,6.0749767455091215,
4.7,8.0,-445.900950285146,226.49520728788343,
4.7,12.0,-911.9861214585711,611.6860214230018,
4.7,16.0,-1153.0990736203141,1004.5233040917112,
4.8,2.0,-17614.3206929917,11557.585483466755,
4.8,4.0,-96.12613422510576,48.062491198655295,
4.8,8.0,-465.81498763540736,414.55238709209465,
4.8,12.0,-10884000.6740931,10920590.125775853,
4.8,16.0,-899.7171356703042,815.8343537599161,
4.9,2.0,-4373.615669120394,3529.7341177160274,
4.9,4.0,-218.1158673501204,187.22662969241074,
4.9,8.0,-79620.56931374258,78289.55785239273,
4.9,12.0,-46.121075555021896,14.907475195585432,
4.9,16.0,-88.2951193827975,42.319819443388454,
5.0,2.0,-235.41320857347193,83.13249242232918,
5.0,4.0,-7.06407297424697,2.012623082345214,
5.0,8.0,-80.60501862363787,62.400326980718226,
5.0,12.0,-435.5573541683185,361.2940253570902,
5.0,16.0,-886056.6321863501,890099.0060808252,
5.1,2.0,-189.03265340240296,109.91435126163078,
5.1,4.0,-1088.665862509024,1053.7424454585544,
5.1,8.0,-223.6639921246578,97.91784635696314,
5.1,12.0,-666.6815339255648,347.9880264697593,
5.1,16.0,-116.58751504879902,53.06456424080792,
5.2,2.0,-31.791254952564408,12.70536917489176,
5.2,4.0,-173.6932847451731,103.73883076841982,
5.2,8.0,-67.05541461578858,38.17899009073625,
5.2,12.0,-144056.0516406823,145944.30738078768,
5.2,16.0,-338.15666278428654,227.89685508391275,
5.3,2.0,-70.091576925005,19.35039361642261,
5.3,4.0,-52708.69563188563,52773.00574891101,
5.3,8.0,-3725.843486443694,3467.2133970325385,
5.3,12.0,-248.10238880516638,200.35392201211576,
5.3,16.0,-397.8181736046452,229.80707043346797,
5.4,2.0,-105.25197854605629,27.07904890075637,
5.4,4.0,-64.29514572492496,37.078509133359375,
5.4,8.0,-351.0444416183068,304.3065822070297,
5.4,12.0,-25321.33805636702,25369.877979855708,
5.4,16.0,-25.470370332219584,8.91162545190417,
5.6,2.0,-254.19546630798035,159.5355741329959,
5.6,4.0,-24.580710084706894,7.946799452725702,
5.6,8.0,-866.1842752563222,437.1827437357001,
5.6,12.0,-231.31737090451622,202.96098948171257,
5.6,16.0,-58.70031494049912,31.870441821447404,
5.8,2.0,-83.5109329331383,25.822313057575947,
5.8,4.0,-170.9076998004653,123.57028315250986,
5.8,8.0,-132.63945784284354,83.29018761619214,
5.8,12.0,-28.845727590936534,15.867226982299737,
5.8,16.0,-16.840992613325056,7.773685066128214,
5.9,2.0,-72.61340625524267,29.96857039828868,
5.9,4.0,-173.64439743328185,93.4653049248158,
5.9,8.0,-191.332719991175,106.7688391168759,
5.9,12.0,-4186.325154410206,2907.0523488427657,
5.9,16.0,-81.16446251517341,62.18983683196248,
6.0,2.0,-148.65094382693246,63.84855967576023,
6.0,4.0,-552.9759297604421,512.7643749501626,
6.0,8.0,-206.4815570858616,127.5782285267831,
6.0,12.0,-50.77870436999162,26.95551115906029,
6.0,16.0,-1103.4064787813968,753.7276210361771,
